#T volume alpha alpha_xx alpha_yy alpha_zz alpha_yz alpha_zy alpha_xz alpha_zx alpha_xy alpha_yx
5  11.427834   3.0277e-09   3.0277e-09   3.0277e-09   3.0277e-09   0.0000e+00   0.0000e+00   0.0000e+00   0.0000e+00   0.0000e+00   0.0000e+00
10  11.427835   6.3192e-09   6.3192e-09   6.3192e-09   6.3192e-09   0.0000e+00   0.0000e+00   0.0000e+00   0.0000e+00   0.0000e+00   0.0000e+00
15  11.427836   1.6139e-08   1.6139e-08   1.6139e-08   1.6139e-08   0.0000e+00   0.0000e+00   0.0000e+00   0.0000e+00   0.0000e+00   0.0000e+00
20  11.427841   4.1554e-08   4.1554e-08   4.1554e-08   4.1554e-08   0.0000e+00   0.0000e+00   0.0000e+00   0.0000e+00   0.0000e+00   0.0000e+00
25  11.427853   1.0531e-07   1.0531e-07   1.0531e-07   1.0531e-07   0.0000e+00   0.0000e+00   0.0000e+00   0.0000e+00   0.0000e+00   0.0000e+00
30  11.427881   2.3136e-07   2.3136e-07   2.3136e-07   2.3136e-07   0.0000e+00   0.0000e+00   0.0000e+00   0.0000e+00   0.0000e+00   0.0000e+00
35  11.427936   4.3280e-07   4.3280e-07   4.3280e-07   4.3280e-07   0.0000e+00   0.0000e+00   0.0000e+00   0.0000e+00   0.0000e+00   0.0000e+00
40  11.428033   7.0917e-07   7.0917e-07   7.0917e-07   7.0917e-07   0.0000e+00   0.0000e+00   0.0000e+00   0.0000e+00   0.0000e+00   0.0000e+00
45  11.428183   1.0508e-06   1.0508e-06   1.0508e-06   1.0508e-06   0.0000e+00   0.0000e+00   0.0000e+00   0.0000e+00   0.0000e+00   0.0000e+00
50  11.428397   1.4438e-06   1.4438e-06   1.4438e-06   1.4438e-06   0.0000e+00   0.0000e+00   0.0000e+00   0.0000e+00   0.0000e+00   0.0000e+00
55  11.428680   1.8734e-06   1.8734e-06   1.8734e-06   1.8734e-06   0.0000e+00   0.0000e+00   0.0000e+00   0.0000e+00   0.0000e+00   0.0000e+00
60  11.429040   2.3261e-06   2.3261e-06   2.3261e-06   2.3261e-06   0.0000e+00   0.0000e+00   0.0000e+00   0.0000e+00   0.0000e+00   0.0000e+00
65  11.429479   2.7905e-06   2.7905e-06   2.7905e-06   2.7905e-06   0.0000e+00   0.0000e+00   0.0000e+00   0.0000e+00   0.0000e+00   0.0000e+00
70  11.429997   3.2571e-06   3.2571e-06   3.2571e-06   3.2571e-06   0.0000e+00   0.0000e+00   0.0000e+00   0.0000e+00   0.0000e+00   0.0000e+00
75  11.430595   3.7189e-06   3.7189e-06   3.7189e-06   3.7189e-06   0.0000e+00   0.0000e+00   0.0000e+00   0.0000e+00   0.0000e+00   0.0000e+00
80  11.431272   4.1704e-06   4.1704e-06   4.1704e-06   4.1704e-06   0.0000e+00   0.0000e+00   0.0000e+00   0.0000e+00   0.0000e+00   0.0000e+00
85  11.432025   4.6077e-06   4.6077e-06   4.6077e-06   4.6077e-06   0.0000e+00   0.0000e+00   0.0000e+00   0.0000e+00   0.0000e+00   0.0000e+00
90  11.432851   5.0283e-06   5.0283e-06   5.0283e-06   5.0283e-06   0.0000e+00   0.0000e+00   0.0000e+00   0.0000e+00   0.0000e+00   0.0000e+00
95  11.433748   5.4306e-06   5.4306e-06   5.4306e-06   5.4306e-06   0.0000e+00   0.0000e+00   0.0000e+00   0.0000e+00   0.0000e+00   0.0000e+00
100  11.434713   5.8136e-06   5.8136e-06   5.8136e-06   5.8136e-06   0.0000e+00   0.0000e+00   0.0000e+00   0.0000e+00   0.0000e+00   0.0000e+00
105  11.435741   6.1771e-06   6.1771e-06   6.1771e-06   6.1771e-06   0.0000e+00   0.0000e+00   0.0000e+00   0.0000e+00   0.0000e+00   0.0000e+00
110  11.436831   6.5212e-06   6.5212e-06   6.5212e-06   6.5212e-06   0.0000e+00   0.0000e+00   0.0000e+00   0.0000e+00   0.0000e+00   0.0000e+00
115  11.437978   6.8462e-06   6.8462e-06   6.8462e-06   6.8462e-06   0.0000e+00   0.0000e+00   0.0000e+00   0.0000e+00   0.0000e+00   0.0000e+00
120  11.439179   7.1528e-06   7.1528e-06   7.1528e-06   7.1528e-06   0.0000e+00   0.0000e+00   0.0000e+00   0.0000e+00   0.0000e+00   0.0000e+00
125  11.440431   7.4418e-06   7.4418e-06   7.4418e-06   7.4418e-06   0.0000e+00   0.0000e+00   0.0000e+00   0.0000e+00   0.0000e+00   0.0000e+00
130  11.441732   7.7141e-06   7.7141e-06   7.7141e-06   7.7141e-06   0.0000e+00   0.0000e+00   0.0000e+00   0.0000e+00   0.0000e+00   0.0000e+00
135  11.443078   7.9704e-06   7.9704e-06   7.9704e-06   7.9704e-06   0.0000e+00   0.0000e+00   0.0000e+00   0.0000e+00   0.0000e+00   0.0000e+00
140  11.444468   8.2117e-06   8.2117e-06   8.2117e-06   8.2117e-06   0.0000e+00   0.0000e+00   0.0000e+00   0.0000e+00   0.0000e+00   0.0000e+00
145  11.445897   8.4390e-06   8.4390e-06   8.4390e-06   8.4390e-06   0.0000e+00   0.0000e+00   0.0000e+00   0.0000e+00   0.0000e+00   0.0000e+00
150  11.447365   8.6531e-06   8.6531e-06   8.6531e-06   8.6531e-06   0.0000e+00   0.0000e+00   0.0000e+00   0.0000e+00   0.0000e+00   0.0000e+00
155  11.448868   8.8549e-06   8.8549e-06   8.8549e-06   8.8549e-06   0.0000e+00   0.0000e+00   0.0000e+00   0.0000e+00   0.0000e+00   0.0000e+00
160  11.450405   9.0451e-06   9.0451e-06   9.0451e-06   9.0451e-06   0.0000e+00   0.0000e+00   0.0000e+00   0.0000e+00   0.0000e+00   0.0000e+00
165  11.451974   9.2247e-06   9.2247e-06   9.2247e-06   9.2247e-06   0.0000e+00   0.0000e+00   0.0000e+00   0.0000e+00   0.0000e+00   0.0000e+00
170  11.453574   9.3942e-06   9.3942e-06   9.3942e-06   9.3942e-06   0.0000e+00   0.0000e+00   0.0000e+00   0.0000e+00   0.0000e+00   0.0000e+00
175  11.455202   9.5543e-06   9.5543e-06   9.5543e-06   9.5543e-06   0.0000e+00   0.0000e+00   0.0000e+00   0.0000e+00   0.0000e+00   0.0000e+00
180  11.456857   9.7058e-06   9.7058e-06   9.7058e-06   9.7058e-06   0.0000e+00   0.0000e+00   0.0000e+00   0.0000e+00   0.0000e+00   0.0000e+00
185  11.458537   9.8492e-06   9.8492e-06   9.8492e-06   9.8492e-06   0.0000e+00   0.0000e+00   0.0000e+00   0.0000e+00   0.0000e+00   0.0000e+00
190  11.460242   9.9850e-06   9.9850e-06   9.9850e-06   9.9850e-06   0.0000e+00   0.0000e+00   0.0000e+00   0.0000e+00   0.0000e+00   0.0000e+00
195  11.461970   1.0114e-05   1.0114e-05   1.0114e-05   1.0114e-05   0.0000e+00   0.0000e+00   0.0000e+00   0.0000e+00   0.0000e+00   0.0000e+00
200  11.463719   1.0236e-05   1.0236e-05   1.0236e-05   1.0236e-05   0.0000e+00   0.0000e+00   0.0000e+00   0.0000e+00   0.0000e+00   0.0000e+00
205  11.465490   1.0352e-05   1.0352e-05   1.0352e-05   1.0352e-05   0.0000e+00   0.0000e+00   0.0000e+00   0.0000e+00   0.0000e+00   0.0000e+00
210  11.467280   1.0463e-05   1.0463e-05   1.0463e-05   1.0463e-05   0.0000e+00   0.0000e+00   0.0000e+00   0.0000e+00   0.0000e+00   0.0000e+00
215  11.469089   1.0568e-05   1.0568e-05   1.0568e-05   1.0568e-05   0.0000e+00   0.0000e+00   0.0000e+00   0.0000e+00   0.0000e+00   0.0000e+00
220  11.470916   1.0668e-05   1.0668e-05   1.0668e-05   1.0668e-05   0.0000e+00   0.0000e+00   0.0000e+00   0.0000e+00   0.0000e+00   0.0000e+00
225  11.472760   1.0764e-05   1.0764e-05   1.0764e-05   1.0764e-05   0.0000e+00   0.0000e+00   0.0000e+00   0.0000e+00   0.0000e+00   0.0000e+00
230  11.474621   1.0855e-05   1.0855e-05   1.0855e-05   1.0855e-05   0.0000e+00   0.0000e+00   0.0000e+00   0.0000e+00   0.0000e+00   0.0000e+00
235  11.476497   1.0943e-05   1.0943e-05   1.0943e-05   1.0943e-05   0.0000e+00   0.0000e+00   0.0000e+00   0.0000e+00   0.0000e+00   0.0000e+00
240  11.478388   1.1026e-05   1.1026e-05   1.1026e-05   1.1026e-05   0.0000e+00   0.0000e+00   0.0000e+00   0.0000e+00   0.0000e+00   0.0000e+00
245  11.480293   1.1106e-05   1.1106e-05   1.1106e-05   1.1106e-05   0.0000e+00   0.0000e+00   0.0000e+00   0.0000e+00   0.0000e+00   0.0000e+00
250  11.482213   1.1183e-05   1.1183e-05   1.1183e-05   1.1183e-05   0.0000e+00   0.0000e+00   0.0000e+00   0.0000e+00   0.0000e+00   0.0000e+00
255  11.484145   1.1257e-05   1.1257e-05   1.1257e-05   1.1257e-05   0.0000e+00   0.0000e+00   0.0000e+00   0.0000e+00   0.0000e+00   0.0000e+00
260  11.486091   1.1327e-05   1.1327e-05   1.1327e-05   1.1327e-05   0.0000e+00   0.0000e+00   0.0000e+00   0.0000e+00   0.0000e+00   0.0000e+00
265  11.488048   1.1395e-05   1.1395e-05   1.1395e-05   1.1395e-05   0.0000e+00   0.0000e+00   0.0000e+00   0.0000e+00   0.0000e+00   0.0000e+00
270  11.490018   1.1461e-05   1.1461e-05   1.1461e-05   1.1461e-05   0.0000e+00   0.0000e+00   0.0000e+00   0.0000e+00   0.0000e+00   0.0000e+00
275  11.491999   1.1524e-05   1.1524e-05   1.1524e-05   1.1524e-05   0.0000e+00   0.0000e+00   0.0000e+00   0.0000e+00   0.0000e+00   0.0000e+00
280  11.493991   1.1584e-05   1.1584e-05   1.1584e-05   1.1584e-05   0.0000e+00   0.0000e+00   0.0000e+00   0.0000e+00   0.0000e+00   0.0000e+00
285  11.495993   1.1643e-05   1.1643e-05   1.1643e-05   1.1643e-05   0.0000e+00   0.0000e+00   0.0000e+00   0.0000e+00   0.0000e+00   0.0000e+00
290  11.498006   1.1700e-05   1.1700e-05   1.1700e-05   1.1700e-05   0.0000e+00   0.0000e+00   0.0000e+00   0.0000e+00   0.0000e+00   0.0000e+00
295  11.500029   1.1754e-05   1.1754e-05   1.1754e-05   1.1754e-05   0.0000e+00   0.0000e+00   0.0000e+00   0.0000e+00   0.0000e+00   0.0000e+00
300  11.502061   1.1807e-05   1.1807e-05   1.1807e-05   1.1807e-05   0.0000e+00   0.0000e+00   0.0000e+00   0.0000e+00   0.0000e+00   0.0000e+00
305  11.504103   1.1859e-05   1.1859e-05   1.1859e-05   1.1859e-05   0.0000e+00   0.0000e+00   0.0000e+00   0.0000e+00   0.0000e+00   0.0000e+00
310  11.506154   1.1908e-05   1.1908e-05   1.1908e-05   1.1908e-05   0.0000e+00   0.0000e+00   0.0000e+00   0.0000e+00   0.0000e+00   0.0000e+00
315  11.508214   1.1957e-05   1.1957e-05   1.1957e-05   1.1957e-05   0.0000e+00   0.0000e+00   0.0000e+00   0.0000e+00   0.0000e+00   0.0000e+00
320  11.510282   1.2003e-05   1.2003e-05   1.2003e-05   1.2003e-05   0.0000e+00   0.0000e+00   0.0000e+00   0.0000e+00   0.0000e+00   0.0000e+00
325  11.512358   1.2049e-05   1.2049e-05   1.2049e-05   1.2049e-05   0.0000e+00   0.0000e+00   0.0000e+00   0.0000e+00   0.0000e+00   0.0000e+00
330  11.514443   1.2093e-05   1.2093e-05   1.2093e-05   1.2093e-05   0.0000e+00   0.0000e+00   0.0000e+00   0.0000e+00   0.0000e+00   0.0000e+00
335  11.516536   1.2136e-05   1.2136e-05   1.2136e-05   1.2136e-05   0.0000e+00   0.0000e+00   0.0000e+00   0.0000e+00   0.0000e+00   0.0000e+00
340  11.518636   1.2178e-05   1.2178e-05   1.2178e-05   1.2178e-05   0.0000e+00   0.0000e+00   0.0000e+00   0.0000e+00   0.0000e+00   0.0000e+00
345  11.520744   1.2219e-05   1.2219e-05   1.2219e-05   1.2219e-05   0.0000e+00   0.0000e+00   0.0000e+00   0.0000e+00   0.0000e+00   0.0000e+00
350  11.522859   1.2259e-05   1.2259e-05   1.2259e-05   1.2259e-05   0.0000e+00   0.0000e+00   0.0000e+00   0.0000e+00   0.0000e+00   0.0000e+00
355  11.524981   1.2298e-05   1.2298e-05   1.2298e-05   1.2298e-05   0.0000e+00   0.0000e+00   0.0000e+00   0.0000e+00   0.0000e+00   0.0000e+00
360  11.527111   1.2336e-05   1.2336e-05   1.2336e-05   1.2336e-05   0.0000e+00   0.0000e+00   0.0000e+00   0.0000e+00   0.0000e+00   0.0000e+00
365  11.529247   1.2373e-05   1.2373e-05   1.2373e-05   1.2373e-05   0.0000e+00   0.0000e+00   0.0000e+00   0.0000e+00   0.0000e+00   0.0000e+00
370  11.531390   1.2409e-05   1.2409e-05   1.2409e-05   1.2409e-05   0.0000e+00   0.0000e+00   0.0000e+00   0.0000e+00   0.0000e+00   0.0000e+00
375  11.533540   1.2445e-05   1.2445e-05   1.2445e-05   1.2445e-05   0.0000e+00   0.0000e+00   0.0000e+00   0.0000e+00   0.0000e+00   0.0000e+00
380  11.535696   1.2480e-05   1.2480e-05   1.2480e-05   1.2480e-05   0.0000e+00   0.0000e+00   0.0000e+00   0.0000e+00   0.0000e+00   0.0000e+00
385  11.537859   1.2514e-05   1.2514e-05   1.2514e-05   1.2514e-05   0.0000e+00   0.0000e+00   0.0000e+00   0.0000e+00   0.0000e+00   0.0000e+00
390  11.540028   1.2547e-05   1.2547e-05   1.2547e-05   1.2547e-05   0.0000e+00   0.0000e+00   0.0000e+00   0.0000e+00   0.0000e+00   0.0000e+00
395  11.542203   1.2580e-05   1.2580e-05   1.2580e-05   1.2580e-05   0.0000e+00   0.0000e+00   0.0000e+00   0.0000e+00   0.0000e+00   0.0000e+00
400  11.544384   1.2612e-05   1.2612e-05   1.2612e-05   1.2612e-05   0.0000e+00   0.0000e+00   0.0000e+00   0.0000e+00   0.0000e+00   0.0000e+00
405  11.546571   1.2644e-05   1.2644e-05   1.2644e-05   1.2644e-05   0.0000e+00   0.0000e+00   0.0000e+00   0.0000e+00   0.0000e+00   0.0000e+00
410  11.548764   1.2675e-05   1.2675e-05   1.2675e-05   1.2675e-05   0.0000e+00   0.0000e+00   0.0000e+00   0.0000e+00   0.0000e+00   0.0000e+00
415  11.550962   1.2706e-05   1.2706e-05   1.2706e-05   1.2706e-05   0.0000e+00   0.0000e+00   0.0000e+00   0.0000e+00   0.0000e+00   0.0000e+00
420  11.553167   1.2736e-05   1.2736e-05   1.2736e-05   1.2736e-05   0.0000e+00   0.0000e+00   0.0000e+00   0.0000e+00   0.0000e+00   0.0000e+00
425  11.555376   1.2766e-05   1.2766e-05   1.2766e-05   1.2766e-05   0.0000e+00   0.0000e+00   0.0000e+00   0.0000e+00   0.0000e+00   0.0000e+00
430  11.557592   1.2795e-05   1.2795e-05   1.2795e-05   1.2795e-05   0.0000e+00   0.0000e+00   0.0000e+00   0.0000e+00   0.0000e+00   0.0000e+00
435  11.559813   1.2824e-05   1.2824e-05   1.2824e-05   1.2824e-05   0.0000e+00   0.0000e+00   0.0000e+00   0.0000e+00   0.0000e+00   0.0000e+00
440  11.562039   1.2853e-05   1.2853e-05   1.2853e-05   1.2853e-05   0.0000e+00   0.0000e+00   0.0000e+00   0.0000e+00   0.0000e+00   0.0000e+00
445  11.564271   1.2881e-05   1.2881e-05   1.2881e-05   1.2881e-05   0.0000e+00   0.0000e+00   0.0000e+00   0.0000e+00   0.0000e+00   0.0000e+00
450  11.566508   1.2909e-05   1.2909e-05   1.2909e-05   1.2909e-05   0.0000e+00   0.0000e+00   0.0000e+00   0.0000e+00   0.0000e+00   0.0000e+00
455  11.568750   1.2936e-05   1.2936e-05   1.2936e-05   1.2936e-05   0.0000e+00   0.0000e+00   0.0000e+00   0.0000e+00   0.0000e+00   0.0000e+00
460  11.570998   1.2963e-05   1.2963e-05   1.2963e-05   1.2963e-05   0.0000e+00   0.0000e+00   0.0000e+00   0.0000e+00   0.0000e+00   0.0000e+00
465  11.573250   1.2990e-05   1.2990e-05   1.2990e-05   1.2990e-05   0.0000e+00   0.0000e+00   0.0000e+00   0.0000e+00   0.0000e+00   0.0000e+00
470  11.575508   1.3017e-05   1.3017e-05   1.3017e-05   1.3017e-05   0.0000e+00   0.0000e+00   0.0000e+00   0.0000e+00   0.0000e+00   0.0000e+00
475  11.577770   1.3043e-05   1.3043e-05   1.3043e-05   1.3043e-05   0.0000e+00   0.0000e+00   0.0000e+00   0.0000e+00   0.0000e+00   0.0000e+00
480  11.580038   1.3069e-05   1.3069e-05   1.3069e-05   1.3069e-05   0.0000e+00   0.0000e+00   0.0000e+00   0.0000e+00   0.0000e+00   0.0000e+00
485  11.582311   1.3095e-05   1.3095e-05   1.3095e-05   1.3095e-05   0.0000e+00   0.0000e+00   0.0000e+00   0.0000e+00   0.0000e+00   0.0000e+00
490  11.584588   1.3121e-05   1.3121e-05   1.3121e-05   1.3121e-05   0.0000e+00   0.0000e+00   0.0000e+00   0.0000e+00   0.0000e+00   0.0000e+00
495  11.586871   1.3146e-05   1.3146e-05   1.3146e-05   1.3146e-05   0.0000e+00   0.0000e+00   0.0000e+00   0.0000e+00   0.0000e+00   0.0000e+00
500  11.589158   1.3171e-05   1.3171e-05   1.3171e-05   1.3171e-05   0.0000e+00   0.0000e+00   0.0000e+00   0.0000e+00   0.0000e+00   0.0000e+00
505  11.591450   1.3196e-05   1.3196e-05   1.3196e-05   1.3196e-05   0.0000e+00   0.0000e+00   0.0000e+00   0.0000e+00   0.0000e+00   0.0000e+00
510  11.593747   1.3221e-05   1.3221e-05   1.3221e-05   1.3221e-05   0.0000e+00   0.0000e+00   0.0000e+00   0.0000e+00   0.0000e+00   0.0000e+00
515  11.596048   1.3246e-05   1.3246e-05   1.3246e-05   1.3246e-05   0.0000e+00   0.0000e+00   0.0000e+00   0.0000e+00   0.0000e+00   0.0000e+00
520  11.598355   1.3270e-05   1.3270e-05   1.3270e-05   1.3270e-05   0.0000e+00   0.0000e+00   0.0000e+00   0.0000e+00   0.0000e+00   0.0000e+00
525  11.600666   1.3294e-05   1.3294e-05   1.3294e-05   1.3294e-05   0.0000e+00   0.0000e+00   0.0000e+00   0.0000e+00   0.0000e+00   0.0000e+00
530  11.602981   1.3319e-05   1.3319e-05   1.3319e-05   1.3319e-05   0.0000e+00   0.0000e+00   0.0000e+00   0.0000e+00   0.0000e+00   0.0000e+00
535  11.605302   1.3343e-05   1.3343e-05   1.3343e-05   1.3343e-05   0.0000e+00   0.0000e+00   0.0000e+00   0.0000e+00   0.0000e+00   0.0000e+00
540  11.607627   1.3367e-05   1.3366e-05   1.3366e-05   1.3366e-05   0.0000e+00   0.0000e+00   0.0000e+00   0.0000e+00   0.0000e+00   0.0000e+00
545  11.609956   1.3390e-05   1.3390e-05   1.3390e-05   1.3390e-05   0.0000e+00   0.0000e+00   0.0000e+00   0.0000e+00   0.0000e+00   0.0000e+00
550  11.612290   1.3414e-05   1.3414e-05   1.3414e-05   1.3414e-05   0.0000e+00   0.0000e+00   0.0000e+00   0.0000e+00   0.0000e+00   0.0000e+00
555  11.614629   1.3438e-05   1.3438e-05   1.3438e-05   1.3438e-05   0.0000e+00   0.0000e+00   0.0000e+00   0.0000e+00   0.0000e+00   0.0000e+00
560  11.616973   1.3461e-05   1.3461e-05   1.3461e-05   1.3461e-05   0.0000e+00   0.0000e+00   0.0000e+00   0.0000e+00   0.0000e+00   0.0000e+00
565  11.619321   1.3485e-05   1.3484e-05   1.3484e-05   1.3484e-05   0.0000e+00   0.0000e+00   0.0000e+00   0.0000e+00   0.0000e+00   0.0000e+00
570  11.621673   1.3508e-05   1.3508e-05   1.3508e-05   1.3508e-05   0.0000e+00   0.0000e+00   0.0000e+00   0.0000e+00   0.0000e+00   0.0000e+00
575  11.624030   1.3531e-05   1.3531e-05   1.3531e-05   1.3531e-05   0.0000e+00   0.0000e+00   0.0000e+00   0.0000e+00   0.0000e+00   0.0000e+00
580  11.626392   1.3554e-05   1.3554e-05   1.3554e-05   1.3554e-05   0.0000e+00   0.0000e+00   0.0000e+00   0.0000e+00   0.0000e+00   0.0000e+00
585  11.628758   1.3577e-05   1.3577e-05   1.3577e-05   1.3577e-05   0.0000e+00   0.0000e+00   0.0000e+00   0.0000e+00   0.0000e+00   0.0000e+00
590  11.631128   1.3600e-05   1.3600e-05   1.3600e-05   1.3600e-05   0.0000e+00   0.0000e+00   0.0000e+00   0.0000e+00   0.0000e+00   0.0000e+00
595  11.633503   1.3623e-05   1.3623e-05   1.3623e-05   1.3623e-05   0.0000e+00   0.0000e+00   0.0000e+00   0.0000e+00   0.0000e+00   0.0000e+00
600  11.635883   1.3646e-05   1.3646e-05   1.3646e-05   1.3646e-05   0.0000e+00   0.0000e+00   0.0000e+00   0.0000e+00   0.0000e+00   0.0000e+00
605  11.638267   1.3669e-05   1.3669e-05   1.3669e-05   1.3669e-05   0.0000e+00   0.0000e+00   0.0000e+00   0.0000e+00   0.0000e+00   0.0000e+00
610  11.640655   1.3692e-05   1.3692e-05   1.3692e-05   1.3692e-05   0.0000e+00   0.0000e+00   0.0000e+00   0.0000e+00   0.0000e+00   0.0000e+00
615  11.643048   1.3715e-05   1.3715e-05   1.3715e-05   1.3715e-05   0.0000e+00   0.0000e+00   0.0000e+00   0.0000e+00   0.0000e+00   0.0000e+00
620  11.645446   1.3738e-05   1.3738e-05   1.3738e-05   1.3738e-05   0.0000e+00   0.0000e+00   0.0000e+00   0.0000e+00   0.0000e+00   0.0000e+00
625  11.647848   1.3761e-05   1.3761e-05   1.3761e-05   1.3761e-05   0.0000e+00   0.0000e+00   0.0000e+00   0.0000e+00   0.0000e+00   0.0000e+00
630  11.650254   1.3783e-05   1.3783e-05   1.3783e-05   1.3783e-05   0.0000e+00   0.0000e+00   0.0000e+00   0.0000e+00   0.0000e+00   0.0000e+00
635  11.652665   1.3806e-05   1.3806e-05   1.3806e-05   1.3806e-05   0.0000e+00   0.0000e+00   0.0000e+00   0.0000e+00   0.0000e+00   0.0000e+00
640  11.655081   1.3829e-05   1.3829e-05   1.3829e-05   1.3829e-05   0.0000e+00   0.0000e+00   0.0000e+00   0.0000e+00   0.0000e+00   0.0000e+00
645  11.657501   1.3852e-05   1.3852e-05   1.3852e-05   1.3852e-05   0.0000e+00   0.0000e+00   0.0000e+00   0.0000e+00   0.0000e+00   0.0000e+00
650  11.659925   1.3874e-05   1.3874e-05   1.3874e-05   1.3874e-05   0.0000e+00   0.0000e+00   0.0000e+00   0.0000e+00   0.0000e+00   0.0000e+00
655  11.662354   1.3897e-05   1.3897e-05   1.3897e-05   1.3897e-05   0.0000e+00   0.0000e+00   0.0000e+00   0.0000e+00   0.0000e+00   0.0000e+00
660  11.664787   1.3920e-05   1.3920e-05   1.3920e-05   1.3920e-05   0.0000e+00   0.0000e+00   0.0000e+00   0.0000e+00   0.0000e+00   0.0000e+00
665  11.667225   1.3942e-05   1.3942e-05   1.3942e-05   1.3942e-05   0.0000e+00   0.0000e+00   0.0000e+00   0.0000e+00   0.0000e+00   0.0000e+00
670  11.669667   1.3965e-05   1.3965e-05   1.3965e-05   1.3965e-05   0.0000e+00   0.0000e+00   0.0000e+00   0.0000e+00   0.0000e+00   0.0000e+00
675  11.672114   1.3988e-05   1.3988e-05   1.3988e-05   1.3988e-05   0.0000e+00   0.0000e+00   0.0000e+00   0.0000e+00   0.0000e+00   0.0000e+00
680  11.674565   1.4011e-05   1.4011e-05   1.4011e-05   1.4011e-05   0.0000e+00   0.0000e+00   0.0000e+00   0.0000e+00   0.0000e+00   0.0000e+00
685  11.677021   1.4033e-05   1.4033e-05   1.4033e-05   1.4033e-05   0.0000e+00   0.0000e+00   0.0000e+00   0.0000e+00   0.0000e+00   0.0000e+00
690  11.679481   1.4056e-05   1.4056e-05   1.4056e-05   1.4056e-05   0.0000e+00   0.0000e+00   0.0000e+00   0.0000e+00   0.0000e+00   0.0000e+00
695  11.681946   1.4079e-05   1.4079e-05   1.4079e-05   1.4079e-05   0.0000e+00   0.0000e+00   0.0000e+00   0.0000e+00   0.0000e+00   0.0000e+00
700  11.684415   1.4102e-05   1.4102e-05   1.4102e-05   1.4102e-05   0.0000e+00   0.0000e+00   0.0000e+00   0.0000e+00   0.0000e+00   0.0000e+00
705  11.686889   1.4125e-05   1.4125e-05   1.4125e-05   1.4125e-05   0.0000e+00   0.0000e+00   0.0000e+00   0.0000e+00   0.0000e+00   0.0000e+00
710  11.689368   1.4148e-05   1.4148e-05   1.4148e-05   1.4148e-05   0.0000e+00   0.0000e+00   0.0000e+00   0.0000e+00   0.0000e+00   0.0000e+00
715  11.691851   1.4171e-05   1.4170e-05   1.4170e-05   1.4170e-05   0.0000e+00   0.0000e+00   0.0000e+00   0.0000e+00   0.0000e+00   0.0000e+00
720  11.694338   1.4193e-05   1.4193e-05   1.4193e-05   1.4193e-05   0.0000e+00   0.0000e+00   0.0000e+00   0.0000e+00   0.0000e+00   0.0000e+00
725  11.696830   1.4216e-05   1.4216e-05   1.4216e-05   1.4216e-05   0.0000e+00   0.0000e+00   0.0000e+00   0.0000e+00   0.0000e+00   0.0000e+00
730  11.699327   1.4239e-05   1.4239e-05   1.4239e-05   1.4239e-05   0.0000e+00   0.0000e+00   0.0000e+00   0.0000e+00   0.0000e+00   0.0000e+00
735  11.701828   1.4263e-05   1.4263e-05   1.4263e-05   1.4263e-05   0.0000e+00   0.0000e+00   0.0000e+00   0.0000e+00   0.0000e+00   0.0000e+00
740  11.704334   1.4286e-05   1.4286e-05   1.4286e-05   1.4286e-05   0.0000e+00   0.0000e+00   0.0000e+00   0.0000e+00   0.0000e+00   0.0000e+00
745  11.706844   1.4309e-05   1.4309e-05   1.4309e-05   1.4309e-05   0.0000e+00   0.0000e+00   0.0000e+00   0.0000e+00   0.0000e+00   0.0000e+00
750  11.709359   1.4332e-05   1.4332e-05   1.4332e-05   1.4332e-05   0.0000e+00   0.0000e+00   0.0000e+00   0.0000e+00   0.0000e+00   0.0000e+00
755  11.711879   1.4355e-05   1.4355e-05   1.4355e-05   1.4355e-05   0.0000e+00   0.0000e+00   0.0000e+00   0.0000e+00   0.0000e+00   0.0000e+00
760  11.714403   1.4379e-05   1.4379e-05   1.4379e-05   1.4379e-05   0.0000e+00   0.0000e+00   0.0000e+00   0.0000e+00   0.0000e+00   0.0000e+00
765  11.716932   1.4402e-05   1.4402e-05   1.4402e-05   1.4402e-05   0.0000e+00   0.0000e+00   0.0000e+00   0.0000e+00   0.0000e+00   0.0000e+00
770  11.719465   1.4425e-05   1.4425e-05   1.4425e-05   1.4425e-05   0.0000e+00   0.0000e+00   0.0000e+00   0.0000e+00   0.0000e+00   0.0000e+00
775  11.722003   1.4449e-05   1.4449e-05   1.4449e-05   1.4449e-05   0.0000e+00   0.0000e+00   0.0000e+00   0.0000e+00   0.0000e+00   0.0000e+00
780  11.724546   1.4472e-05   1.4472e-05   1.4472e-05   1.4472e-05   0.0000e+00   0.0000e+00   0.0000e+00   0.0000e+00   0.0000e+00   0.0000e+00
785  11.727094   1.4496e-05   1.4496e-05   1.4496e-05   1.4496e-05   0.0000e+00   0.0000e+00   0.0000e+00   0.0000e+00   0.0000e+00   0.0000e+00
790  11.729646   1.4520e-05   1.4520e-05   1.4520e-05   1.4520e-05   0.0000e+00   0.0000e+00   0.0000e+00   0.0000e+00   0.0000e+00   0.0000e+00
795  11.732203   1.4543e-05   1.4543e-05   1.4543e-05   1.4543e-05   0.0000e+00   0.0000e+00   0.0000e+00   0.0000e+00   0.0000e+00   0.0000e+00
800  11.734765   1.4567e-05   1.4567e-05   1.4567e-05   1.4567e-05   0.0000e+00   0.0000e+00   0.0000e+00   0.0000e+00   0.0000e+00   0.0000e+00
805  11.737332   1.4591e-05   1.4591e-05   1.4591e-05   1.4591e-05   0.0000e+00   0.0000e+00   0.0000e+00   0.0000e+00   0.0000e+00   0.0000e+00
810  11.739903   1.4615e-05   1.4615e-05   1.4615e-05   1.4615e-05   0.0000e+00   0.0000e+00   0.0000e+00   0.0000e+00   0.0000e+00   0.0000e+00
815  11.742479   1.4639e-05   1.4639e-05   1.4639e-05   1.4639e-05   0.0000e+00   0.0000e+00   0.0000e+00   0.0000e+00   0.0000e+00   0.0000e+00
820  11.745060   1.4663e-05   1.4663e-05   1.4663e-05   1.4663e-05   0.0000e+00   0.0000e+00   0.0000e+00   0.0000e+00   0.0000e+00   0.0000e+00
825  11.747645   1.4687e-05   1.4687e-05   1.4687e-05   1.4687e-05   0.0000e+00   0.0000e+00   0.0000e+00   0.0000e+00   0.0000e+00   0.0000e+00
830  11.750236   1.4711e-05   1.4711e-05   1.4711e-05   1.4711e-05   0.0000e+00   0.0000e+00   0.0000e+00   0.0000e+00   0.0000e+00   0.0000e+00
835  11.752831   1.4736e-05   1.4736e-05   1.4736e-05   1.4736e-05   0.0000e+00   0.0000e+00   0.0000e+00   0.0000e+00   0.0000e+00   0.0000e+00
840  11.755432   1.4760e-05   1.4760e-05   1.4760e-05   1.4760e-05   0.0000e+00   0.0000e+00   0.0000e+00   0.0000e+00   0.0000e+00   0.0000e+00
845  11.758037   1.4785e-05   1.4785e-05   1.4785e-05   1.4785e-05   0.0000e+00   0.0000e+00   0.0000e+00   0.0000e+00   0.0000e+00   0.0000e+00
850  11.760647   1.4809e-05   1.4809e-05   1.4809e-05   1.4809e-05   0.0000e+00   0.0000e+00   0.0000e+00   0.0000e+00   0.0000e+00   0.0000e+00
855  11.763262   1.4834e-05   1.4834e-05   1.4834e-05   1.4834e-05   0.0000e+00   0.0000e+00   0.0000e+00   0.0000e+00   0.0000e+00   0.0000e+00
860  11.765881   1.4858e-05   1.4858e-05   1.4858e-05   1.4858e-05   0.0000e+00   0.0000e+00   0.0000e+00   0.0000e+00   0.0000e+00   0.0000e+00
865  11.768506   1.4883e-05   1.4883e-05   1.4883e-05   1.4883e-05   0.0000e+00   0.0000e+00   0.0000e+00   0.0000e+00   0.0000e+00   0.0000e+00
870  11.771136   1.4908e-05   1.4908e-05   1.4908e-05   1.4908e-05   0.0000e+00   0.0000e+00   0.0000e+00   0.0000e+00   0.0000e+00   0.0000e+00
875  11.773771   1.4933e-05   1.4933e-05   1.4933e-05   1.4933e-05   0.0000e+00   0.0000e+00   0.0000e+00   0.0000e+00   0.0000e+00   0.0000e+00
880  11.776411   1.4958e-05   1.4958e-05   1.4958e-05   1.4958e-05   0.0000e+00   0.0000e+00   0.0000e+00   0.0000e+00   0.0000e+00   0.0000e+00
885  11.779055   1.4983e-05   1.4983e-05   1.4983e-05   1.4983e-05   0.0000e+00   0.0000e+00   0.0000e+00   0.0000e+00   0.0000e+00   0.0000e+00
890  11.781705   1.5008e-05   1.5008e-05   1.5008e-05   1.5008e-05   0.0000e+00   0.0000e+00   0.0000e+00   0.0000e+00   0.0000e+00   0.0000e+00
895  11.784360   1.5034e-05   1.5034e-05   1.5034e-05   1.5034e-05   0.0000e+00   0.0000e+00   0.0000e+00   0.0000e+00   0.0000e+00   0.0000e+00
900  11.787020   1.5059e-05   1.5059e-05   1.5059e-05   1.5059e-05   0.0000e+00   0.0000e+00   0.0000e+00   0.0000e+00   0.0000e+00   0.0000e+00
905  11.789685   1.5084e-05   1.5084e-05   1.5084e-05   1.5084e-05   0.0000e+00   0.0000e+00   0.0000e+00   0.0000e+00   0.0000e+00   0.0000e+00
910  11.792355   1.5107e-05   1.5108e-05   1.5108e-05   1.5108e-05   0.0000e+00   0.0000e+00   0.0000e+00   0.0000e+00   0.0000e+00   0.0000e+00
915  11.795030   1.5130e-05   1.5130e-05   1.5130e-05   1.5130e-05   0.0000e+00   0.0000e+00   0.0000e+00   0.0000e+00   0.0000e+00   0.0000e+00
920  11.797709   1.5151e-05   1.5151e-05   1.5151e-05   1.5151e-05   0.0000e+00   0.0000e+00   0.0000e+00   0.0000e+00   0.0000e+00   0.0000e+00
925  11.800392   1.5170e-05   1.5170e-05   1.5170e-05   1.5170e-05   0.0000e+00   0.0000e+00   0.0000e+00   0.0000e+00   0.0000e+00   0.0000e+00
930  11.803079   1.5190e-05   1.5190e-05   1.5190e-05   1.5190e-05   0.0000e+00   0.0000e+00   0.0000e+00   0.0000e+00   0.0000e+00   0.0000e+00
935  11.805770   1.5209e-05   1.5209e-05   1.5209e-05   1.5209e-05   0.0000e+00   0.0000e+00   0.0000e+00   0.0000e+00   0.0000e+00   0.0000e+00
940  11.808466   1.5228e-05   1.5228e-05   1.5228e-05   1.5228e-05   0.0000e+00   0.0000e+00   0.0000e+00   0.0000e+00   0.0000e+00   0.0000e+00
945  11.811165   1.5248e-05   1.5248e-05   1.5248e-05   1.5248e-05   0.0000e+00   0.0000e+00   0.0000e+00   0.0000e+00   0.0000e+00   0.0000e+00
950  11.813868   1.5267e-05   1.5267e-05   1.5267e-05   1.5267e-05   0.0000e+00   0.0000e+00   0.0000e+00   0.0000e+00   0.0000e+00   0.0000e+00
955  11.816576   1.5286e-05   1.5286e-05   1.5286e-05   1.5286e-05   0.0000e+00   0.0000e+00   0.0000e+00   0.0000e+00   0.0000e+00   0.0000e+00
960  11.819287   1.5306e-05   1.5306e-05   1.5306e-05   1.5306e-05   0.0000e+00   0.0000e+00   0.0000e+00   0.0000e+00   0.0000e+00   0.0000e+00
965  11.822003   1.5325e-05   1.5325e-05   1.5325e-05   1.5325e-05   0.0000e+00   0.0000e+00   0.0000e+00   0.0000e+00   0.0000e+00   0.0000e+00
970  11.824723   1.5345e-05   1.5345e-05   1.5345e-05   1.5345e-05   0.0000e+00   0.0000e+00   0.0000e+00   0.0000e+00   0.0000e+00   0.0000e+00
975  11.827446   1.5364e-05   1.5364e-05   1.5364e-05   1.5364e-05   0.0000e+00   0.0000e+00   0.0000e+00   0.0000e+00   0.0000e+00   0.0000e+00
980  11.830174   1.5384e-05   1.5384e-05   1.5384e-05   1.5384e-05   0.0000e+00   0.0000e+00   0.0000e+00   0.0000e+00   0.0000e+00   0.0000e+00
985  11.832906   1.5404e-05   1.5404e-05   1.5404e-05   1.5404e-05   0.0000e+00   0.0000e+00   0.0000e+00   0.0000e+00   0.0000e+00   0.0000e+00
990  11.835642   1.5423e-05   1.5423e-05   1.5423e-05   1.5423e-05   0.0000e+00   0.0000e+00   0.0000e+00   0.0000e+00   0.0000e+00   0.0000e+00
995  11.838382   1.5443e-05   1.5443e-05   1.5443e-05   1.5443e-05   0.0000e+00   0.0000e+00   0.0000e+00   0.0000e+00   0.0000e+00   0.0000e+00
1000  11.841127   1.5463e-05   1.5463e-05   1.5463e-05   1.5463e-05   0.0000e+00   0.0000e+00   0.0000e+00   0.0000e+00   0.0000e+00   0.0000e+00
