#T volume alpha alpha_xx alpha_yy alpha_zz alpha_yz alpha_zy alpha_xz alpha_zx alpha_xy alpha_yx
5  14.403658   7.3235e-08   6.6174e-08   7.8095e-08   7.5481e-08   5.4858e-09   9.6429e-09   2.4827e-09   1.0150e-08   3.0355e-09   7.4078e-09
10  14.403697   3.1033e-07   2.8040e-07   3.3092e-07   3.1988e-07   2.3236e-08   4.0848e-08   1.0515e-08   4.2998e-08   1.2868e-08   3.1399e-08
15  14.403802   6.8627e-07   6.2010e-07   7.3181e-07   7.0735e-07   5.1397e-08   9.0349e-08   2.3260e-08   9.5103e-08   2.8451e-08   6.9426e-08
20  14.404001   1.1731e-06   1.0600e-06   1.2510e-06   1.2091e-06   8.7891e-08   1.5449e-07   3.9778e-08   1.6261e-07   4.8616e-08   1.1865e-07
25  14.404313   1.7226e-06   1.5567e-06   1.8371e-06   1.7752e-06   1.2914e-07   2.2696e-07   5.8452e-08   2.3889e-07   7.1349e-08   1.7416e-07
30  14.404748   2.3000e-06   2.0786e-06   2.4530e-06   2.3699e-06   1.7257e-07   3.0324e-07   7.8121e-08   3.1917e-07   9.5190e-08   2.3241e-07
35  14.405308   2.8820e-06   2.6049e-06   3.0741e-06   2.9690e-06   2.1648e-07   3.8031e-07   9.8015e-08   4.0026e-07   1.1916e-07   2.9103e-07
40  14.405992   3.4546e-06   3.1228e-06   3.6853e-06   3.5580e-06   2.5984e-07   4.5636e-07   1.1767e-07   4.8026e-07   1.4266e-07   3.4856e-07
45  14.406799   4.0096e-06   3.6250e-06   4.2779e-06   4.1284e-06   3.0206e-07   5.3033e-07   1.3683e-07   5.5805e-07   1.6533e-07   4.0415e-07
50  14.407724   4.5421e-06   4.1072e-06   4.8469e-06   4.6752e-06   3.4280e-07   6.0164e-07   1.5533e-07   6.3301e-07   1.8698e-07   4.5731e-07
55  14.408761   5.0497e-06   4.5670e-06   5.3895e-06   5.1957e-06   3.8188e-07   6.6995e-07   1.7309e-07   7.0480e-07   2.0748e-07   5.0776e-07
60  14.409905   5.5308e-06   5.0033e-06   5.9043e-06   5.6885e-06   4.1921e-07   7.3509e-07   1.9008e-07   7.7323e-07   2.2678e-07   5.5536e-07
65  14.411150   5.9850e-06   5.4155e-06   6.3906e-06   6.1529e-06   4.5475e-07   7.9700e-07   2.0627e-07   8.3823e-07   2.4484e-07   6.0004e-07
70  14.412490   6.4121e-06   5.8035e-06   6.8484e-06   6.5888e-06   4.8849e-07   8.5567e-07   2.2166e-07   8.9979e-07   2.6167e-07   6.4180e-07
75  14.413920   6.8125e-06   6.1675e-06   7.2779e-06   6.9966e-06   5.2044e-07   9.1112e-07   2.3626e-07   9.5793e-07   2.7727e-07   6.8065e-07
80  14.415434   7.1865e-06   6.5080e-06   7.6796e-06   7.3768e-06   5.5065e-07   9.6341e-07   2.5009e-07   1.0127e-06   2.9167e-07   7.1665e-07
85  14.417026   7.5350e-06   6.8257e-06   8.0543e-06   7.7300e-06   5.7916e-07   1.0126e-06   2.6316e-07   1.0643e-06   3.0490e-07   7.4989e-07
90  14.418691   7.8587e-06   7.1213e-06   8.4030e-06   8.0573e-06   6.0602e-07   1.0589e-06   2.7550e-07   1.1127e-06   3.1700e-07   7.8046e-07
95  14.420424   8.1588e-06   7.3957e-06   8.7266e-06   8.3597e-06   6.3130e-07   1.1023e-06   2.8714e-07   1.1580e-06   3.2802e-07   8.0847e-07
100  14.422219   8.4362e-06   7.6498e-06   9.0264e-06   8.6383e-06   6.5506e-07   1.1430e-06   2.9810e-07   1.2005e-06   3.3801e-07   8.3403e-07
105  14.424073   8.6921e-06   7.8848e-06   9.3035e-06   8.8943e-06   6.7739e-07   1.1811e-06   3.0843e-07   1.2402e-06   3.4702e-07   8.5728e-07
110  14.425979   8.9278e-06   8.1016e-06   9.5591e-06   9.1291e-06   6.9836e-07   1.2167e-06   3.1814e-07   1.2773e-06   3.5511e-07   8.7833e-07
115  14.427935   9.1443e-06   8.3013e-06   9.7945e-06   9.3437e-06   7.1804e-07   1.2500e-06   3.2729e-07   1.3120e-06   3.6233e-07   8.9733e-07
120  14.429936   9.3428e-06   8.4849e-06   1.0011e-05   9.5395e-06   7.3651e-07   1.2812e-06   3.3589e-07   1.3443e-06   3.6873e-07   9.1439e-07
125  14.431978   9.5246e-06   8.6535e-06   1.0210e-05   9.7177e-06   7.5384e-07   1.3103e-06   3.4399e-07   1.3745e-06   3.7438e-07   9.2965e-07
130  14.434058   9.6906e-06   8.8080e-06   1.0392e-05   9.8795e-06   7.7011e-07   1.3375e-06   3.5161e-07   1.4026e-06   3.7932e-07   9.4323e-07
135  14.436173   9.8421e-06   8.9494e-06   1.0558e-05   1.0026e-05   7.8538e-07   1.3629e-06   3.5878e-07   1.4289e-06   3.8359e-07   9.5524e-07
140  14.438320   9.9800e-06   9.0787e-06   1.0711e-05   1.0158e-05   7.9973e-07   1.3866e-06   3.6554e-07   1.4534e-06   3.8726e-07   9.6580e-07
145  14.440495   1.0105e-05   9.1967e-06   1.0850e-05   1.0277e-05   8.1322e-07   1.4088e-06   3.7192e-07   1.4762e-06   3.9036e-07   9.7501e-07
150  14.442697   1.0219e-05   9.3042e-06   1.0976e-05   1.0384e-05   8.2589e-07   1.4295e-06   3.7793e-07   1.4975e-06   3.9294e-07   9.8297e-07
155  14.444922   1.0321e-05   9.4020e-06   1.1091e-05   1.0479e-05   8.3783e-07   1.4490e-06   3.8360e-07   1.5174e-06   3.9504e-07   9.8979e-07
160  14.447169   1.0414e-05   9.4908e-06   1.1196e-05   1.0564e-05   8.4906e-07   1.4671e-06   3.8897e-07   1.5359e-06   3.9669e-07   9.9553e-07
165  14.449435   1.0498e-05   9.5713e-06   1.1290e-05   1.0640e-05   8.5965e-07   1.4841e-06   3.9404e-07   1.5532e-06   3.9793e-07   1.0003e-06
170  14.451719   1.0573e-05   9.6441e-06   1.1376e-05   1.0706e-05   8.6964e-07   1.5001e-06   3.9884e-07   1.5694e-06   3.9879e-07   1.0042e-06
175  14.454018   1.0639e-05   9.7098e-06   1.1453e-05   1.0764e-05   8.7907e-07   1.5150e-06   4.0338e-07   1.5845e-06   3.9930e-07   1.0072e-06
180  14.456332   1.0699e-05   9.7690e-06   1.1523e-05   1.0815e-05   8.8799e-07   1.5290e-06   4.0770e-07   1.5987e-06   3.9949e-07   1.0095e-06
185  14.458658   1.0752e-05   9.8221e-06   1.1585e-05   1.0858e-05   8.9642e-07   1.5422e-06   4.1179e-07   1.6119e-06   3.9939e-07   1.0110e-06
190  14.460995   1.0799e-05   9.8695e-06   1.1641e-05   1.0895e-05   9.0441e-07   1.5546e-06   4.1568e-07   1.6243e-06   3.9902e-07   1.0119e-06
195  14.463342   1.0840e-05   9.9118e-06   1.1690e-05   1.0926e-05   9.1198e-07   1.5662e-06   4.1939e-07   1.6359e-06   3.9840e-07   1.0122e-06
200  14.465698   1.0875e-05   9.9494e-06   1.1734e-05   1.0952e-05   9.1917e-07   1.5772e-06   4.2291e-07   1.6468e-06   3.9755e-07   1.0120e-06
205  14.468062   1.0906e-05   9.9825e-06   1.1773e-05   1.0973e-05   9.2600e-07   1.5875e-06   4.2628e-07   1.6570e-06   3.9649e-07   1.0112e-06
210  14.470432   1.0932e-05   1.0012e-05   1.1807e-05   1.0988e-05   9.3250e-07   1.5973e-06   4.2949e-07   1.6666e-06   3.9523e-07   1.0100e-06
215  14.472807   1.0954e-05   1.0037e-05   1.1836e-05   1.1000e-05   9.3868e-07   1.6065e-06   4.3256e-07   1.6756e-06   3.9381e-07   1.0084e-06
220  14.475187   1.0973e-05   1.0059e-05   1.1862e-05   1.1008e-05   9.4458e-07   1.6152e-06   4.3549e-07   1.6841e-06   3.9222e-07   1.0063e-06
225  14.477572   1.0987e-05   1.0077e-05   1.1883e-05   1.1011e-05   9.5021e-07   1.6234e-06   4.3831e-07   1.6920e-06   3.9048e-07   1.0039e-06
230  14.479959   1.0999e-05   1.0093e-05   1.1901e-05   1.1012e-05   9.5559e-07   1.6311e-06   4.4100e-07   1.6995e-06   3.8860e-07   1.0012e-06
235  14.482349   1.1007e-05   1.0106e-05   1.1916e-05   1.1009e-05   9.6074e-07   1.6385e-06   4.4359e-07   1.7066e-06   3.8661e-07   9.9816e-07
240  14.484741   1.1013e-05   1.0116e-05   1.1928e-05   1.1004e-05   9.6566e-07   1.6455e-06   4.4608e-07   1.7132e-06   3.8450e-07   9.9484e-07
245  14.487135   1.1016e-05   1.0124e-05   1.1937e-05   1.0996e-05   9.7039e-07   1.6521e-06   4.4847e-07   1.7195e-06   3.8228e-07   9.9127e-07
250  14.489529   1.1016e-05   1.0130e-05   1.1944e-05   1.0985e-05   9.7492e-07   1.6584e-06   4.5077e-07   1.7254e-06   3.7997e-07   9.8747e-07
255  14.491923   1.1014e-05   1.0134e-05   1.1948e-05   1.0973e-05   9.7926e-07   1.6644e-06   4.5298e-07   1.7310e-06   3.7757e-07   9.8344e-07
260  14.494317   1.1011e-05   1.0136e-05   1.1949e-05   1.0958e-05   9.8343e-07   1.6701e-06   4.5512e-07   1.7362e-06   3.7508e-07   9.7920e-07
265  14.496711   1.1005e-05   1.0135e-05   1.1949e-05   1.0941e-05   9.8743e-07   1.6754e-06   4.5717e-07   1.7411e-06   3.7252e-07   9.7476e-07
270  14.499103   1.0997e-05   1.0134e-05   1.1946e-05   1.0921e-05   9.9126e-07   1.6805e-06   4.5914e-07   1.7458e-06   3.6988e-07   9.7014e-07
275  14.501494   1.0987e-05   1.0130e-05   1.1941e-05   1.0900e-05   9.9491e-07   1.6853e-06   4.6102e-07   1.7501e-06   3.6717e-07   9.6533e-07
280  14.503882   1.0975e-05   1.0124e-05   1.1935e-05   1.0877e-05   9.9838e-07   1.6898e-06   4.6283e-07   1.7541e-06   3.6440e-07   9.6037e-07
285  14.506269   1.0961e-05   1.0117e-05   1.1926e-05   1.0853e-05   1.0017e-06   1.6940e-06   4.6455e-07   1.7577e-06   3.6159e-07   9.5527e-07
290  14.508653   1.0946e-05   1.0109e-05   1.1915e-05   1.0827e-05   1.0048e-06   1.6979e-06   4.6618e-07   1.7612e-06   3.5875e-07   9.5006e-07
295  14.511033   1.0930e-05   1.0099e-05   1.1903e-05   1.0800e-05   1.0077e-06   1.7015e-06   4.6775e-07   1.7644e-06   3.5588e-07   9.4476e-07
300  14.513411   1.0912e-05   1.0087e-05   1.1889e-05   1.0772e-05   1.0105e-06   1.7050e-06   4.6924e-07   1.7673e-06   3.5299e-07   9.3939e-07
305  14.515784   1.0894e-05   1.0075e-05   1.1875e-05   1.0743e-05   1.0131e-06   1.7082e-06   4.7067e-07   1.7701e-06   3.5009e-07   9.3396e-07
310  14.518154   1.0874e-05   1.0062e-05   1.1859e-05   1.0713e-05   1.0156e-06   1.7112e-06   4.7205e-07   1.7727e-06   3.4718e-07   9.2847e-07
315  14.520520   1.0853e-05   1.0048e-05   1.1842e-05   1.0682e-05   1.0180e-06   1.7141e-06   4.7337e-07   1.7751e-06   3.4427e-07   9.2294e-07
320  14.522882   1.0832e-05   1.0034e-05   1.1824e-05   1.0651e-05   1.0203e-06   1.7167e-06   4.7463e-07   1.7773e-06   3.4135e-07   9.1738e-07
325  14.525240   1.0810e-05   1.0018e-05   1.1805e-05   1.0619e-05   1.0225e-06   1.7193e-06   4.7585e-07   1.7794e-06   3.3843e-07   9.1179e-07
330  14.527593   1.0788e-05   1.0002e-05   1.1786e-05   1.0587e-05   1.0245e-06   1.7216e-06   4.7702e-07   1.7814e-06   3.3551e-07   9.0617e-07
335  14.529941   1.0764e-05   9.9855e-06   1.1766e-05   1.0555e-05   1.0265e-06   1.7238e-06   4.7814e-07   1.7832e-06   3.3260e-07   9.0055e-07
340  14.532285   1.0741e-05   9.9683e-06   1.1745e-05   1.0522e-05   1.0283e-06   1.7259e-06   4.7922e-07   1.7849e-06   3.2969e-07   8.9490e-07
345  14.534624   1.0716e-05   9.9506e-06   1.1723e-05   1.0488e-05   1.0301e-06   1.7279e-06   4.8026e-07   1.7865e-06   3.2680e-07   8.8926e-07
350  14.536958   1.0692e-05   9.9323e-06   1.1701e-05   1.0455e-05   1.0318e-06   1.7297e-06   4.8126e-07   1.7880e-06   3.2391e-07   8.8360e-07
355  14.539287   1.0667e-05   9.9136e-06   1.1678e-05   1.0421e-05   1.0333e-06   1.7314e-06   4.8222e-07   1.7893e-06   3.2103e-07   8.7795e-07
360  14.541610   1.0641e-05   9.8945e-06   1.1655e-05   1.0387e-05   1.0348e-06   1.7330e-06   4.8314e-07   1.7906e-06   3.1816e-07   8.7230e-07
365  14.543929   1.0616e-05   9.8751e-06   1.1632e-05   1.0353e-05   1.0363e-06   1.7345e-06   4.8403e-07   1.7918e-06   3.1531e-07   8.6666e-07
370  14.546242   1.0589e-05   9.8552e-06   1.1608e-05   1.0318e-05   1.0376e-06   1.7359e-06   4.8488e-07   1.7928e-06   3.1247e-07   8.6103e-07
375  14.548550   1.0563e-05   9.8351e-06   1.1583e-05   1.0284e-05   1.0389e-06   1.7372e-06   4.8570e-07   1.7938e-06   3.0965e-07   8.5541e-07
380  14.550852   1.0536e-05   9.8146e-06   1.1558e-05   1.0249e-05   1.0401e-06   1.7384e-06   4.8648e-07   1.7947e-06   3.0684e-07   8.4981e-07
385  14.553149   1.0510e-05   9.7939e-06   1.1533e-05   1.0215e-05   1.0412e-06   1.7395e-06   4.8724e-07   1.7956e-06   3.0405e-07   8.4422e-07
390  14.555441   1.0483e-05   9.7730e-06   1.1508e-05   1.0180e-05   1.0423e-06   1.7405e-06   4.8796e-07   1.7963e-06   3.0128e-07   8.3865e-07
395  14.557727   1.0455e-05   9.7518e-06   1.1482e-05   1.0145e-05   1.0433e-06   1.7414e-06   4.8866e-07   1.7970e-06   2.9852e-07   8.3310e-07
400  14.560007   1.0428e-05   9.7304e-06   1.1456e-05   1.0110e-05   1.0442e-06   1.7423e-06   4.8933e-07   1.7976e-06   2.9579e-07   8.2758e-07
405  14.562281   1.0400e-05   9.7088e-06   1.1430e-05   1.0076e-05   1.0451e-06   1.7431e-06   4.8997e-07   1.7981e-06   2.9307e-07   8.2208e-07
410  14.564550   1.0373e-05   9.6870e-06   1.1404e-05   1.0041e-05   1.0459e-06   1.7438e-06   4.9058e-07   1.7986e-06   2.9037e-07   8.1660e-07
415  14.566814   1.0345e-05   9.6651e-06   1.1377e-05   1.0006e-05   1.0467e-06   1.7444e-06   4.9117e-07   1.7990e-06   2.8770e-07   8.1115e-07
420  14.569071   1.0317e-05   9.6431e-06   1.1350e-05   9.9718e-06   1.0474e-06   1.7450e-06   4.9174e-07   1.7994e-06   2.8504e-07   8.0573e-07
425  14.571323   1.0289e-05   9.6209e-06   1.1323e-05   9.9373e-06   1.0480e-06   1.7455e-06   4.9228e-07   1.7997e-06   2.8241e-07   8.0034e-07
430  14.573569   1.0262e-05   9.5986e-06   1.1296e-05   9.9029e-06   1.0486e-06   1.7459e-06   4.9280e-07   1.8000e-06   2.7979e-07   7.9498e-07
435  14.575810   1.0234e-05   9.5762e-06   1.1269e-05   9.8686e-06   1.0492e-06   1.7463e-06   4.9329e-07   1.8002e-06   2.7720e-07   7.8964e-07
440  14.578044   1.0206e-05   9.5538e-06   1.1242e-05   9.8344e-06   1.0497e-06   1.7466e-06   4.9377e-07   1.8004e-06   2.7463e-07   7.8434e-07
445  14.580273   1.0178e-05   9.5312e-06   1.1214e-05   9.8003e-06   1.0501e-06   1.7469e-06   4.9422e-07   1.8005e-06   2.7208e-07   7.7908e-07
450  14.582496   1.0150e-05   9.5086e-06   1.1187e-05   9.7663e-06   1.0506e-06   1.7471e-06   4.9466e-07   1.8005e-06   2.6955e-07   7.7384e-07
455  14.584713   1.0122e-05   9.4859e-06   1.1159e-05   9.7325e-06   1.0509e-06   1.7473e-06   4.9507e-07   1.8006e-06   2.6705e-07   7.6864e-07
460  14.586924   1.0093e-05   9.4632e-06   1.1132e-05   9.6988e-06   1.0512e-06   1.7474e-06   4.9546e-07   1.8006e-06   2.6456e-07   7.6347e-07
465  14.589130   1.0065e-05   9.4404e-06   1.1104e-05   9.6652e-06   1.0515e-06   1.7474e-06   4.9584e-07   1.8005e-06   2.6210e-07   7.5834e-07
470  14.591330   1.0038e-05   9.4176e-06   1.1076e-05   9.6318e-06   1.0518e-06   1.7474e-06   4.9620e-07   1.8005e-06   2.5966e-07   7.5324e-07
475  14.593524   1.0010e-05   9.3948e-06   1.1049e-05   9.5986e-06   1.0520e-06   1.7474e-06   4.9654e-07   1.8003e-06   2.5724e-07   7.4818e-07
480  14.595712   9.9817e-06   9.3720e-06   1.1021e-05   9.5655e-06   1.0522e-06   1.7473e-06   4.9686e-07   1.8002e-06   2.5485e-07   7.4315e-07
485  14.597895   9.9538e-06   9.3491e-06   1.0993e-05   9.5326e-06   1.0523e-06   1.7472e-06   4.9717e-07   1.8000e-06   2.5248e-07   7.3816e-07
490  14.600071   9.9260e-06   9.3263e-06   1.0965e-05   9.4999e-06   1.0524e-06   1.7471e-06   4.9746e-07   1.7998e-06   2.5013e-07   7.3320e-07
495  14.602242   9.8983e-06   9.3034e-06   1.0937e-05   9.4673e-06   1.0525e-06   1.7469e-06   4.9773e-07   1.7996e-06   2.4780e-07   7.2828e-07
500  14.604407   9.8706e-06   9.2806e-06   1.0910e-05   9.4349e-06   1.0525e-06   1.7466e-06   4.9799e-07   1.7993e-06   2.4549e-07   7.2340e-07
505  14.606567   9.8430e-06   9.2578e-06   1.0882e-05   9.4027e-06   1.0525e-06   1.7463e-06   4.9824e-07   1.7990e-06   2.4320e-07   7.1855e-07
510  14.608721   9.8155e-06   9.2349e-06   1.0854e-05   9.3707e-06   1.0524e-06   1.7460e-06   4.9846e-07   1.7987e-06   2.4094e-07   7.1374e-07
515  14.610869   9.7880e-06   9.2121e-06   1.0826e-05   9.3389e-06   1.0524e-06   1.7457e-06   4.9868e-07   1.7983e-06   2.3870e-07   7.0896e-07
520  14.613011   9.7606e-06   9.1894e-06   1.0799e-05   9.3073e-06   1.0523e-06   1.7453e-06   4.9888e-07   1.7980e-06   2.3648e-07   7.0422e-07
525  14.615148   9.7333e-06   9.1666e-06   1.0771e-05   9.2758e-06   1.0522e-06   1.7449e-06   4.9907e-07   1.7976e-06   2.3428e-07   6.9952e-07
530  14.617279   9.7061e-06   9.1439e-06   1.0743e-05   9.2446e-06   1.0520e-06   1.7445e-06   4.9924e-07   1.7971e-06   2.3210e-07   6.9485e-07
535  14.619404   9.6790e-06   9.1212e-06   1.0715e-05   9.2135e-06   1.0518e-06   1.7440e-06   4.9940e-07   1.7967e-06   2.2995e-07   6.9022e-07
540  14.621524   9.6519e-06   9.0986e-06   1.0688e-05   9.1827e-06   1.0516e-06   1.7435e-06   4.9955e-07   1.7962e-06   2.2781e-07   6.8562e-07
545  14.623638   9.6250e-06   9.0760e-06   1.0660e-05   9.1520e-06   1.0514e-06   1.7430e-06   4.9969e-07   1.7957e-06   2.2570e-07   6.8106e-07
550  14.625746   9.5982e-06   9.0534e-06   1.0633e-05   9.1216e-06   1.0511e-06   1.7424e-06   4.9981e-07   1.7952e-06   2.2361e-07   6.7654e-07
555  14.627849   9.5714e-06   9.0309e-06   1.0605e-05   9.0913e-06   1.0508e-06   1.7418e-06   4.9993e-07   1.7947e-06   2.2154e-07   6.7205e-07
560  14.629946   9.5448e-06   9.0084e-06   1.0578e-05   9.0613e-06   1.0505e-06   1.7412e-06   5.0003e-07   1.7942e-06   2.1949e-07   6.6760e-07
565  14.632038   9.5182e-06   8.9860e-06   1.0550e-05   9.0314e-06   1.0501e-06   1.7406e-06   5.0012e-07   1.7936e-06   2.1745e-07   6.6318e-07
570  14.634125   9.4918e-06   8.9637e-06   1.0523e-05   9.0017e-06   1.0498e-06   1.7399e-06   5.0020e-07   1.7930e-06   2.1544e-07   6.5880e-07
575  14.636205   9.4655e-06   8.9414e-06   1.0496e-05   8.9723e-06   1.0494e-06   1.7393e-06   5.0026e-07   1.7925e-06   2.1345e-07   6.5445e-07
580  14.638281   9.4393e-06   8.9191e-06   1.0469e-05   8.9430e-06   1.0490e-06   1.7386e-06   5.0032e-07   1.7918e-06   2.1148e-07   6.5014e-07
585  14.640351   9.4132e-06   8.8969e-06   1.0442e-05   8.9140e-06   1.0486e-06   1.7378e-06   5.0037e-07   1.7912e-06   2.0953e-07   6.4587e-07
590  14.642415   9.3872e-06   8.8748e-06   1.0415e-05   8.8851e-06   1.0481e-06   1.7371e-06   5.0041e-07   1.7906e-06   2.0760e-07   6.4162e-07
595  14.644474   9.3613e-06   8.8527e-06   1.0388e-05   8.8565e-06   1.0476e-06   1.7363e-06   5.0043e-07   1.7899e-06   2.0569e-07   6.3741e-07
600  14.646528   9.3355e-06   8.8307e-06   1.0361e-05   8.8280e-06   1.0471e-06   1.7355e-06   5.0045e-07   1.7893e-06   2.0380e-07   6.3324e-07
605  14.648576   9.3098e-06   8.8088e-06   1.0334e-05   8.7997e-06   1.0466e-06   1.7347e-06   5.0046e-07   1.7886e-06   2.0192e-07   6.2910e-07
610  14.650619   9.2843e-06   8.7869e-06   1.0307e-05   8.7717e-06   1.0461e-06   1.7339e-06   5.0046e-07   1.7879e-06   2.0007e-07   6.2499e-07
615  14.652657   9.2588e-06   8.7651e-06   1.0280e-05   8.7438e-06   1.0455e-06   1.7330e-06   5.0045e-07   1.7872e-06   1.9823e-07   6.2092e-07
620  14.654689   9.2335e-06   8.7434e-06   1.0254e-05   8.7162e-06   1.0450e-06   1.7321e-06   5.0043e-07   1.7865e-06   1.9642e-07   6.1688e-07
625  14.656716   9.2083e-06   8.7217e-06   1.0227e-05   8.6887e-06   1.0444e-06   1.7312e-06   5.0040e-07   1.7857e-06   1.9462e-07   6.1287e-07
630  14.658738   9.1832e-06   8.7001e-06   1.0201e-05   8.6614e-06   1.0437e-06   1.7303e-06   5.0037e-07   1.7850e-06   1.9284e-07   6.0889e-07
635  14.660755   9.1582e-06   8.6786e-06   1.0174e-05   8.6343e-06   1.0431e-06   1.7294e-06   5.0032e-07   1.7842e-06   1.9108e-07   6.0495e-07
640  14.662766   9.1333e-06   8.6571e-06   1.0148e-05   8.6074e-06   1.0425e-06   1.7285e-06   5.0027e-07   1.7835e-06   1.8933e-07   6.0104e-07
645  14.664772   9.1086e-06   8.6357e-06   1.0122e-05   8.5807e-06   1.0418e-06   1.7275e-06   5.0021e-07   1.7827e-06   1.8761e-07   5.9716e-07
650  14.666773   9.0839e-06   8.6144e-06   1.0096e-05   8.5542e-06   1.0411e-06   1.7265e-06   5.0014e-07   1.7819e-06   1.8590e-07   5.9332e-07
655  14.668769   9.0594e-06   8.5932e-06   1.0070e-05   8.5279e-06   1.0404e-06   1.7255e-06   5.0007e-07   1.7811e-06   1.8421e-07   5.8950e-07
660  14.670760   9.0350e-06   8.5720e-06   1.0044e-05   8.5018e-06   1.0397e-06   1.7245e-06   4.9998e-07   1.7803e-06   1.8253e-07   5.8572e-07
665  14.672746   9.0107e-06   8.5509e-06   1.0018e-05   8.4759e-06   1.0390e-06   1.7235e-06   4.9989e-07   1.7795e-06   1.8088e-07   5.8196e-07
670  14.674726   8.9865e-06   8.5299e-06   9.9922e-06   8.4501e-06   1.0383e-06   1.7225e-06   4.9979e-07   1.7787e-06   1.7924e-07   5.7824e-07
675  14.676702   8.9625e-06   8.5089e-06   9.9665e-06   8.4246e-06   1.0375e-06   1.7214e-06   4.9969e-07   1.7778e-06   1.7761e-07   5.7455e-07
680  14.678673   8.9385e-06   8.4880e-06   9.9408e-06   8.3992e-06   1.0367e-06   1.7204e-06   4.9958e-07   1.7770e-06   1.7601e-07   5.7089e-07
685  14.680638   8.9147e-06   8.4672e-06   9.9153e-06   8.3740e-06   1.0360e-06   1.7193e-06   4.9946e-07   1.7761e-06   1.7442e-07   5.6726e-07
690  14.682599   8.8910e-06   8.4465e-06   9.8899e-06   8.3490e-06   1.0352e-06   1.7182e-06   4.9933e-07   1.7753e-06   1.7284e-07   5.6365e-07
695  14.684554   8.8674e-06   8.4259e-06   9.8645e-06   8.3241e-06   1.0343e-06   1.7171e-06   4.9920e-07   1.7744e-06   1.7128e-07   5.6008e-07
700  14.686505   8.8439e-06   8.4053e-06   9.8392e-06   8.2995e-06   1.0335e-06   1.7160e-06   4.9906e-07   1.7735e-06   1.6974e-07   5.5654e-07
705  14.688451   8.8205e-06   8.3848e-06   9.8140e-06   8.2750e-06   1.0327e-06   1.7148e-06   4.9892e-07   1.7726e-06   1.6822e-07   5.5302e-07
710  14.690392   8.7973e-06   8.3644e-06   9.7890e-06   8.2507e-06   1.0318e-06   1.7137e-06   4.9877e-07   1.7718e-06   1.6671e-07   5.4954e-07
715  14.692328   8.7741e-06   8.3440e-06   9.7639e-06   8.2266e-06   1.0310e-06   1.7125e-06   4.9861e-07   1.7709e-06   1.6521e-07   5.4608e-07
720  14.694259   8.7511e-06   8.3237e-06   9.7390e-06   8.2026e-06   1.0301e-06   1.7114e-06   4.9844e-07   1.7700e-06   1.6373e-07   5.4265e-07
725  14.696186   8.7282e-06   8.3035e-06   9.7142e-06   8.1789e-06   1.0292e-06   1.7102e-06   4.9827e-07   1.7690e-06   1.6227e-07   5.3925e-07
730  14.698107   8.7054e-06   8.2834e-06   9.6894e-06   8.1553e-06   1.0283e-06   1.7090e-06   4.9810e-07   1.7681e-06   1.6082e-07   5.3588e-07
735  14.700024   8.6827e-06   8.2634e-06   9.6648e-06   8.1318e-06   1.0274e-06   1.7078e-06   4.9792e-07   1.7672e-06   1.5938e-07   5.3253e-07
740  14.701937   8.6601e-06   8.2434e-06   9.6402e-06   8.1086e-06   1.0265e-06   1.7066e-06   4.9773e-07   1.7663e-06   1.5796e-07   5.2921e-07
745  14.703844   8.6376e-06   8.2235e-06   9.6157e-06   8.0855e-06   1.0255e-06   1.7054e-06   4.9754e-07   1.7653e-06   1.5656e-07   5.2592e-07
750  14.705747   8.6152e-06   8.2037e-06   9.5913e-06   8.0626e-06   1.0246e-06   1.7042e-06   4.9734e-07   1.7644e-06   1.5517e-07   5.2265e-07
755  14.707645   8.5930e-06   8.1839e-06   9.5670e-06   8.0398e-06   1.0236e-06   1.7029e-06   4.9714e-07   1.7635e-06   1.5379e-07   5.1941e-07
760  14.709538   8.5708e-06   8.1643e-06   9.5428e-06   8.0172e-06   1.0226e-06   1.7017e-06   4.9693e-07   1.7625e-06   1.5242e-07   5.1620e-07
765  14.711427   8.5488e-06   8.1447e-06   9.5187e-06   7.9948e-06   1.0217e-06   1.7004e-06   4.9672e-07   1.7615e-06   1.5108e-07   5.1302e-07
770  14.713311   8.5269e-06   8.1251e-06   9.4946e-06   7.9725e-06   1.0207e-06   1.6992e-06   4.9650e-07   1.7606e-06   1.4974e-07   5.0985e-07
775  14.715191   8.5051e-06   8.1057e-06   9.4707e-06   7.9504e-06   1.0197e-06   1.6979e-06   4.9628e-07   1.7596e-06   1.4842e-07   5.0672e-07
780  14.717066   8.4833e-06   8.0863e-06   9.4468e-06   7.9284e-06   1.0187e-06   1.6966e-06   4.9605e-07   1.7586e-06   1.4711e-07   5.0361e-07
785  14.718936   8.4617e-06   8.0670e-06   9.4230e-06   7.9066e-06   1.0177e-06   1.6953e-06   4.9582e-07   1.7577e-06   1.4582e-07   5.0052e-07
790  14.720802   8.4402e-06   8.0478e-06   9.3993e-06   7.8850e-06   1.0166e-06   1.6940e-06   4.9558e-07   1.7567e-06   1.4453e-07   4.9746e-07
795  14.722664   8.4188e-06   8.0286e-06   9.3757e-06   7.8635e-06   1.0156e-06   1.6927e-06   4.9534e-07   1.7557e-06   1.4327e-07   4.9443e-07
800  14.724521   8.3975e-06   8.0096e-06   9.3522e-06   7.8422e-06   1.0146e-06   1.6914e-06   4.9509e-07   1.7547e-06   1.4201e-07   4.9141e-07
805  14.726373   8.3763e-06   7.9906e-06   9.3287e-06   7.8210e-06   1.0135e-06   1.6900e-06   4.9484e-07   1.7537e-06   1.4077e-07   4.8843e-07
810  14.728221   8.3553e-06   7.9716e-06   9.3054e-06   7.8000e-06   1.0124e-06   1.6887e-06   4.9459e-07   1.7527e-06   1.3954e-07   4.8546e-07
815  14.730065   8.3343e-06   7.9528e-06   9.2821e-06   7.7791e-06   1.0114e-06   1.6874e-06   4.9433e-07   1.7517e-06   1.3832e-07   4.8252e-07
820  14.731904   8.3134e-06   7.9340e-06   9.2589e-06   7.7584e-06   1.0103e-06   1.6860e-06   4.9407e-07   1.7507e-06   1.3712e-07   4.7961e-07
825  14.733739   8.2926e-06   7.9153e-06   9.2358e-06   7.7378e-06   1.0092e-06   1.6847e-06   4.9380e-07   1.7497e-06   1.3592e-07   4.7671e-07
830  14.735570   8.2719e-06   7.8966e-06   9.2128e-06   7.7173e-06   1.0081e-06   1.6833e-06   4.9353e-07   1.7487e-06   1.3474e-07   4.7384e-07
835  14.737396   8.2514e-06   7.8781e-06   9.1899e-06   7.6970e-06   1.0070e-06   1.6819e-06   4.9325e-07   1.7476e-06   1.3357e-07   4.7100e-07
840  14.739218   8.2309e-06   7.8596e-06   9.1671e-06   7.6769e-06   1.0059e-06   1.6806e-06   4.9297e-07   1.7466e-06   1.3242e-07   4.6817e-07
845  14.741035   8.2105e-06   7.8411e-06   9.1443e-06   7.6569e-06   1.0048e-06   1.6792e-06   4.9269e-07   1.7456e-06   1.3127e-07   4.6537e-07
850  14.742849   8.1902e-06   7.8228e-06   9.1216e-06   7.6370e-06   1.0037e-06   1.6778e-06   4.9240e-07   1.7446e-06   1.3014e-07   4.6259e-07
855  14.744658   8.1700e-06   7.8045e-06   9.0990e-06   7.6173e-06   1.0025e-06   1.6764e-06   4.9211e-07   1.7435e-06   1.2902e-07   4.5983e-07
860  14.746463   8.1500e-06   7.7863e-06   9.0765e-06   7.5977e-06   1.0014e-06   1.6750e-06   4.9182e-07   1.7425e-06   1.2791e-07   4.5710e-07
865  14.748263   8.1300e-06   7.7681e-06   9.0541e-06   7.5782e-06   1.0003e-06   1.6736e-06   4.9152e-07   1.7414e-06   1.2681e-07   4.5438e-07
870  14.750060   8.1101e-06   7.7500e-06   9.0318e-06   7.5589e-06   9.9910e-07   1.6722e-06   4.9122e-07   1.7404e-06   1.2572e-07   4.5169e-07
875  14.751852   8.0903e-06   7.7320e-06   9.0095e-06   7.5397e-06   9.9795e-07   1.6708e-06   4.9091e-07   1.7393e-06   1.2464e-07   4.4902e-07
880  14.753640   8.0706e-06   7.7141e-06   8.9873e-06   7.5207e-06   9.9678e-07   1.6694e-06   4.9060e-07   1.7383e-06   1.2358e-07   4.4637e-07
885  14.755424   8.0510e-06   7.6962e-06   8.9652e-06   7.5018e-06   9.9561e-07   1.6679e-06   4.9029e-07   1.7372e-06   1.2252e-07   4.4374e-07
890  14.757204   8.0315e-06   7.6784e-06   8.9432e-06   7.4830e-06   9.9443e-07   1.6665e-06   4.8998e-07   1.7362e-06   1.2148e-07   4.4113e-07
895  14.758980   8.0120e-06   7.6607e-06   8.9213e-06   7.4643e-06   9.9325e-07   1.6651e-06   4.8966e-07   1.7351e-06   1.2045e-07   4.3854e-07
900  14.760752   7.9927e-06   7.6430e-06   8.8994e-06   7.4458e-06   9.9206e-07   1.6636e-06   4.8934e-07   1.7341e-06   1.1942e-07   4.3597e-07
905  14.762519   7.9735e-06   7.6254e-06   8.8777e-06   7.4274e-06   9.9087e-07   1.6622e-06   4.8901e-07   1.7330e-06   1.1841e-07   4.3342e-07
910  14.764283   7.9543e-06   7.6079e-06   8.8560e-06   7.4092e-06   9.8967e-07   1.6607e-06   4.8868e-07   1.7319e-06   1.1741e-07   4.3089e-07
915  14.766042   7.9353e-06   7.5905e-06   8.8344e-06   7.3910e-06   9.8846e-07   1.6592e-06   4.8835e-07   1.7309e-06   1.1642e-07   4.2838e-07
920  14.767798   7.9163e-06   7.5731e-06   8.8128e-06   7.3730e-06   9.8725e-07   1.6578e-06   4.8802e-07   1.7298e-06   1.1544e-07   4.2589e-07
925  14.769550   7.8974e-06   7.5557e-06   8.7914e-06   7.3551e-06   9.8603e-07   1.6563e-06   4.8768e-07   1.7287e-06   1.1446e-07   4.2342e-07
930  14.771297   7.8787e-06   7.5385e-06   8.7700e-06   7.3373e-06   9.8481e-07   1.6548e-06   4.8734e-07   1.7276e-06   1.1350e-07   4.2097e-07
935  14.773041   7.8600e-06   7.5213e-06   8.7487e-06   7.3197e-06   9.8358e-07   1.6534e-06   4.8700e-07   1.7266e-06   1.1255e-07   4.1854e-07
940  14.774781   7.8414e-06   7.5041e-06   8.7275e-06   7.3021e-06   9.8235e-07   1.6519e-06   4.8665e-07   1.7255e-06   1.1161e-07   4.1612e-07
945  14.776517   7.8228e-06   7.4871e-06   8.7063e-06   7.2847e-06   9.8112e-07   1.6504e-06   4.8630e-07   1.7244e-06   1.1067e-07   4.1373e-07
950  14.778249   7.8044e-06   7.4701e-06   8.6853e-06   7.2674e-06   9.7987e-07   1.6489e-06   4.8595e-07   1.7233e-06   1.0975e-07   4.1135e-07
955  14.779977   7.7861e-06   7.4531e-06   8.6643e-06   7.2503e-06   9.7863e-07   1.6474e-06   4.8560e-07   1.7222e-06   1.0884e-07   4.0899e-07
960  14.781701   7.7678e-06   7.4363e-06   8.6434e-06   7.2332e-06   9.7738e-07   1.6459e-06   4.8524e-07   1.7211e-06   1.0793e-07   4.0665e-07
965  14.783421   7.7496e-06   7.4195e-06   8.6225e-06   7.2163e-06   9.7612e-07   1.6444e-06   4.8489e-07   1.7200e-06   1.0704e-07   4.0433e-07
970  14.785138   7.7315e-06   7.4027e-06   8.6018e-06   7.1994e-06   9.7486e-07   1.6429e-06   4.8453e-07   1.7189e-06   1.0615e-07   4.0203e-07
975  14.786851   7.7135e-06   7.3860e-06   8.5811e-06   7.1827e-06   9.7360e-07   1.6414e-06   4.8416e-07   1.7178e-06   1.0527e-07   3.9974e-07
980  14.788560   7.6956e-06   7.3694e-06   8.5605e-06   7.1661e-06   9.7233e-07   1.6399e-06   4.8380e-07   1.7168e-06   1.0440e-07   3.9747e-07
985  14.790265   7.6778e-06   7.3529e-06   8.5399e-06   7.1496e-06   9.7106e-07   1.6384e-06   4.8343e-07   1.7157e-06   1.0354e-07   3.9522e-07
990  14.791966   7.6600e-06   7.3364e-06   8.5195e-06   7.1332e-06   9.6978e-07   1.6369e-06   4.8306e-07   1.7146e-06   1.0269e-07   3.9299e-07
995  14.793664   7.6423e-06   7.3199e-06   8.4991e-06   7.1170e-06   9.6850e-07   1.6354e-06   4.8268e-07   1.7135e-06   1.0185e-07   3.9077e-07
1000  14.795358   7.6247e-06   7.3036e-06   8.4788e-06   7.1008e-06   9.6722e-07   1.6338e-06   4.8231e-07   1.7123e-06   1.0102e-07   3.8857e-07
1005  14.797048   7.6072e-06   7.2873e-06   8.4585e-06   7.0847e-06   9.6593e-07   1.6323e-06   4.8193e-07   1.7112e-06   1.0019e-07   3.8638e-07
1010  14.798735   7.5898e-06   7.2710e-06   8.4384e-06   7.0688e-06   9.6464e-07   1.6308e-06   4.8155e-07   1.7101e-06   9.9376e-08   3.8422e-07
1015  14.800418   7.5724e-06   7.2548e-06   8.4183e-06   7.0529e-06   9.6334e-07   1.6293e-06   4.8117e-07   1.7090e-06   9.8568e-08   3.8207e-07
1020  14.802097   7.5552e-06   7.2387e-06   8.3982e-06   7.0372e-06   9.6204e-07   1.6277e-06   4.8079e-07   1.7079e-06   9.7768e-08   3.7993e-07
1025  14.803773   7.5380e-06   7.2226e-06   8.3783e-06   7.0216e-06   9.6074e-07   1.6262e-06   4.8040e-07   1.7068e-06   9.6976e-08   3.7781e-07
1030  14.805445   7.5208e-06   7.2066e-06   8.3584e-06   7.0060e-06   9.5944e-07   1.6246e-06   4.8001e-07   1.7057e-06   9.6192e-08   3.7571e-07
1035  14.807113   7.5038e-06   7.1907e-06   8.3386e-06   6.9906e-06   9.5813e-07   1.6231e-06   4.7962e-07   1.7046e-06   9.5416e-08   3.7362e-07
1040  14.808778   7.4868e-06   7.1748e-06   8.3189e-06   6.9753e-06   9.5682e-07   1.6216e-06   4.7923e-07   1.7035e-06   9.4648e-08   3.7155e-07
1045  14.810440   7.4700e-06   7.1590e-06   8.2992e-06   6.9601e-06   9.5550e-07   1.6200e-06   4.7884e-07   1.7024e-06   9.3888e-08   3.6950e-07
1050  14.812097   7.4532e-06   7.1432e-06   8.2796e-06   6.9449e-06   9.5419e-07   1.6185e-06   4.7844e-07   1.7012e-06   9.3136e-08   3.6746e-07
1055  14.813751   7.4364e-06   7.1275e-06   8.2601e-06   6.9299e-06   9.5287e-07   1.6169e-06   4.7804e-07   1.7001e-06   9.2391e-08   3.6543e-07
1060  14.815402   7.4198e-06   7.1118e-06   8.2406e-06   6.9150e-06   9.5154e-07   1.6154e-06   4.7765e-07   1.6990e-06   9.1654e-08   3.6342e-07
1065  14.817049   7.4032e-06   7.0962e-06   8.2213e-06   6.9001e-06   9.5022e-07   1.6138e-06   4.7724e-07   1.6979e-06   9.0924e-08   3.6143e-07
1070  14.818693   7.3867e-06   7.0807e-06   8.2020e-06   6.8854e-06   9.4889e-07   1.6122e-06   4.7684e-07   1.6968e-06   9.0202e-08   3.5945e-07
1075  14.820333   7.3702e-06   7.0652e-06   8.1827e-06   6.8708e-06   9.4756e-07   1.6107e-06   4.7644e-07   1.6956e-06   8.9488e-08   3.5748e-07
1080  14.821970   7.3539e-06   7.0498e-06   8.1635e-06   6.8562e-06   9.4622e-07   1.6091e-06   4.7603e-07   1.6945e-06   8.8780e-08   3.5553e-07
1085  14.823603   7.3376e-06   7.0344e-06   8.1444e-06   6.8418e-06   9.4489e-07   1.6076e-06   4.7562e-07   1.6934e-06   8.8080e-08   3.5360e-07
1090  14.825233   7.3214e-06   7.0191e-06   8.1254e-06   6.8274e-06   9.4355e-07   1.6060e-06   4.7521e-07   1.6923e-06   8.7387e-08   3.5167e-07
1095  14.826859   7.3052e-06   7.0039e-06   8.1064e-06   6.8131e-06   9.4221e-07   1.6044e-06   4.7480e-07   1.6912e-06   8.6701e-08   3.4977e-07
1100  14.828482   7.2892e-06   6.9887e-06   8.0875e-06   6.7990e-06   9.4086e-07   1.6029e-06   4.7439e-07   1.6900e-06   8.6023e-08   3.4787e-07
1105  14.830102   7.2732e-06   6.9735e-06   8.0687e-06   6.7849e-06   9.3952e-07   1.6013e-06   4.7398e-07   1.6889e-06   8.5351e-08   3.4600e-07
1110  14.831718   7.2572e-06   6.9585e-06   8.0499e-06   6.7709e-06   9.3817e-07   1.5997e-06   4.7356e-07   1.6878e-06   8.4686e-08   3.4413e-07
1115  14.833331   7.2414e-06   6.9434e-06   8.0312e-06   6.7570e-06   9.3682e-07   1.5982e-06   4.7314e-07   1.6867e-06   8.4028e-08   3.4228e-07
1120  14.834941   7.2256e-06   6.9285e-06   8.0126e-06   6.7432e-06   9.3547e-07   1.5966e-06   4.7273e-07   1.6855e-06   8.3376e-08   3.4044e-07
1125  14.836547   7.2099e-06   6.9135e-06   7.9940e-06   6.7294e-06   9.3412e-07   1.5950e-06   4.7231e-07   1.6844e-06   8.2732e-08   3.3862e-07
1130  14.838150   7.1942e-06   6.8987e-06   7.9755e-06   6.7158e-06   9.3276e-07   1.5934e-06   4.7189e-07   1.6833e-06   8.2094e-08   3.3681e-07
1135  14.839749   7.1787e-06   6.8839e-06   7.9570e-06   6.7022e-06   9.3141e-07   1.5919e-06   4.7146e-07   1.6821e-06   8.1462e-08   3.3501e-07
1140  14.841346   7.1631e-06   6.8691e-06   7.9387e-06   6.6888e-06   9.3005e-07   1.5903e-06   4.7104e-07   1.6810e-06   8.0837e-08   3.3322e-07
1145  14.842939   7.1477e-06   6.8544e-06   7.9204e-06   6.6754e-06   9.2869e-07   1.5887e-06   4.7061e-07   1.6799e-06   8.0219e-08   3.3145e-07
1150  14.844528   7.1323e-06   6.8397e-06   7.9021e-06   6.6621e-06   9.2732e-07   1.5871e-06   4.7019e-07   1.6788e-06   7.9607e-08   3.2969e-07
1155  14.846115   7.1170e-06   6.8251e-06   7.8839e-06   6.6489e-06   9.2596e-07   1.5855e-06   4.6976e-07   1.6776e-06   7.9001e-08   3.2795e-07
1160  14.847698   7.1018e-06   6.8106e-06   7.8658e-06   6.6358e-06   9.2459e-07   1.5840e-06   4.6933e-07   1.6765e-06   7.8401e-08   3.2622e-07
1165  14.849278   7.0866e-06   6.7961e-06   7.8477e-06   6.6227e-06   9.2323e-07   1.5824e-06   4.6890e-07   1.6754e-06   7.7808e-08   3.2450e-07
1170  14.850855   7.0715e-06   6.7817e-06   7.8298e-06   6.6097e-06   9.2186e-07   1.5808e-06   4.6847e-07   1.6742e-06   7.7221e-08   3.2279e-07
1175  14.852429   7.0565e-06   6.7673e-06   7.8118e-06   6.5969e-06   9.2049e-07   1.5792e-06   4.6804e-07   1.6731e-06   7.6639e-08   3.2109e-07
1180  14.853999   7.0415e-06   6.7530e-06   7.7940e-06   6.5841e-06   9.1912e-07   1.5776e-06   4.6761e-07   1.6720e-06   7.6064e-08   3.1941e-07
1185  14.855567   7.0266e-06   6.7387e-06   7.7762e-06   6.5713e-06   9.1775e-07   1.5760e-06   4.6717e-07   1.6709e-06   7.5495e-08   3.1774e-07
1190  14.857131   7.0117e-06   6.7244e-06   7.7584e-06   6.5587e-06   9.1637e-07   1.5744e-06   4.6674e-07   1.6697e-06   7.4932e-08   3.1608e-07
1195  14.858692   6.9969e-06   6.7103e-06   7.7407e-06   6.5461e-06   9.1500e-07   1.5729e-06   4.6630e-07   1.6686e-06   7.4375e-08   3.1444e-07
1200  14.860250   6.9822e-06   6.6961e-06   7.7231e-06   6.5336e-06   9.1362e-07   1.5713e-06   4.6586e-07   1.6675e-06   7.3823e-08   3.1280e-07
1205  14.861805   6.9675e-06   6.6821e-06   7.7056e-06   6.5212e-06   9.1225e-07   1.5697e-06   4.6542e-07   1.6663e-06   7.3277e-08   3.1118e-07
1210  14.863356   6.9529e-06   6.6680e-06   7.6881e-06   6.5089e-06   9.1087e-07   1.5681e-06   4.6499e-07   1.6652e-06   7.2737e-08   3.0957e-07
1215  14.864905   6.9384e-06   6.6541e-06   7.6706e-06   6.4966e-06   9.0949e-07   1.5665e-06   4.6454e-07   1.6641e-06   7.2202e-08   3.0797e-07
1220  14.866450   6.9239e-06   6.6401e-06   7.6533e-06   6.4845e-06   9.0811e-07   1.5649e-06   4.6410e-07   1.6629e-06   7.1673e-08   3.0638e-07
1225  14.867993   6.9095e-06   6.6263e-06   7.6360e-06   6.4724e-06   9.0673e-07   1.5633e-06   4.6366e-07   1.6618e-06   7.1150e-08   3.0481e-07
1230  14.869532   6.8952e-06   6.6124e-06   7.6187e-06   6.4603e-06   9.0535e-07   1.5617e-06   4.6322e-07   1.6607e-06   7.0632e-08   3.0324e-07
1235  14.871069   6.8809e-06   6.5986e-06   7.6015e-06   6.4484e-06   9.0397e-07   1.5602e-06   4.6278e-07   1.6596e-06   7.0120e-08   3.0169e-07
1240  14.872602   6.8667e-06   6.5849e-06   7.5844e-06   6.4365e-06   9.0259e-07   1.5586e-06   4.6233e-07   1.6584e-06   6.9612e-08   3.0014e-07
1245  14.874133   6.8525e-06   6.5712e-06   7.5673e-06   6.4247e-06   9.0121e-07   1.5570e-06   4.6189e-07   1.6573e-06   6.9111e-08   2.9861e-07
1250  14.875660   6.8384e-06   6.5576e-06   7.5503e-06   6.4130e-06   8.9982e-07   1.5554e-06   4.6144e-07   1.6562e-06   6.8614e-08   2.9709e-07
1255  14.877184   6.8244e-06   6.5440e-06   7.5334e-06   6.4013e-06   8.9844e-07   1.5538e-06   4.6099e-07   1.6550e-06   6.8123e-08   2.9558e-07
1260  14.878706   6.8104e-06   6.5305e-06   7.5165e-06   6.3897e-06   8.9705e-07   1.5522e-06   4.6055e-07   1.6539e-06   6.7637e-08   2.9408e-07
1265  14.880224   6.7965e-06   6.5170e-06   7.4996e-06   6.3782e-06   8.9567e-07   1.5506e-06   4.6010e-07   1.6528e-06   6.7156e-08   2.9260e-07
1270  14.881740   6.7826e-06   6.5036e-06   7.4828e-06   6.3667e-06   8.9428e-07   1.5490e-06   4.5965e-07   1.6517e-06   6.6680e-08   2.9112e-07
1275  14.883252   6.7688e-06   6.4902e-06   7.4661e-06   6.3554e-06   8.9290e-07   1.5474e-06   4.5920e-07   1.6505e-06   6.6209e-08   2.8965e-07
1280  14.884762   6.7550e-06   6.4769e-06   7.4495e-06   6.3440e-06   8.9151e-07   1.5459e-06   4.5875e-07   1.6494e-06   6.5743e-08   2.8819e-07
1285  14.886269   6.7414e-06   6.4636e-06   7.4329e-06   6.3328e-06   8.9013e-07   1.5443e-06   4.5830e-07   1.6483e-06   6.5282e-08   2.8675e-07
1290  14.887773   6.7277e-06   6.4503e-06   7.4163e-06   6.3216e-06   8.8874e-07   1.5427e-06   4.5785e-07   1.6472e-06   6.4826e-08   2.8531e-07
1295  14.889274   6.7141e-06   6.4371e-06   7.3998e-06   6.3105e-06   8.8735e-07   1.5411e-06   4.5740e-07   1.6460e-06   6.4374e-08   2.8389e-07
1300  14.890772   6.7006e-06   6.4240e-06   7.3834e-06   6.2995e-06   8.8597e-07   1.5395e-06   4.5694e-07   1.6449e-06   6.3928e-08   2.8247e-07
1305  14.892267   6.6872e-06   6.4109e-06   7.3670e-06   6.2885e-06   8.8458e-07   1.5379e-06   4.5649e-07   1.6438e-06   6.3486e-08   2.8107e-07
1310  14.893759   6.6738e-06   6.3978e-06   7.3507e-06   6.2776e-06   8.8319e-07   1.5363e-06   4.5604e-07   1.6427e-06   6.3049e-08   2.7967e-07
1315  14.895249   6.6604e-06   6.3848e-06   7.3344e-06   6.2668e-06   8.8181e-07   1.5347e-06   4.5558e-07   1.6415e-06   6.2617e-08   2.7828e-07
1320  14.896736   6.6471e-06   6.3718e-06   7.3182e-06   6.2560e-06   8.8042e-07   1.5332e-06   4.5513e-07   1.6404e-06   6.2189e-08   2.7691e-07
1325  14.898219   6.6339e-06   6.3589e-06   7.3021e-06   6.2453e-06   8.7903e-07   1.5316e-06   4.5467e-07   1.6393e-06   6.1766e-08   2.7554e-07
1330  14.899701   6.6207e-06   6.3460e-06   7.2860e-06   6.2347e-06   8.7764e-07   1.5300e-06   4.5422e-07   1.6382e-06   6.1348e-08   2.7419e-07
1335  14.901179   6.6076e-06   6.3332e-06   7.2699e-06   6.2241e-06   8.7626e-07   1.5284e-06   4.5376e-07   1.6371e-06   6.0933e-08   2.7284e-07
1340  14.902654   6.5945e-06   6.3204e-06   7.2540e-06   6.2136e-06   8.7487e-07   1.5268e-06   4.5331e-07   1.6359e-06   6.0524e-08   2.7150e-07
1345  14.904127   6.5815e-06   6.3077e-06   7.2380e-06   6.2031e-06   8.7348e-07   1.5253e-06   4.5285e-07   1.6348e-06   6.0119e-08   2.7017e-07
1350  14.905597   6.5685e-06   6.2950e-06   7.2221e-06   6.1927e-06   8.7210e-07   1.5237e-06   4.5239e-07   1.6337e-06   5.9718e-08   2.6885e-07
1355  14.907064   6.5556e-06   6.2823e-06   7.2063e-06   6.1824e-06   8.7071e-07   1.5221e-06   4.5194e-07   1.6326e-06   5.9321e-08   2.6754e-07
1360  14.908529   6.5427e-06   6.2697e-06   7.1906e-06   6.1721e-06   8.6933e-07   1.5205e-06   4.5148e-07   1.6315e-06   5.8929e-08   2.6624e-07
1365  14.909991   6.5299e-06   6.2572e-06   7.1748e-06   6.1619e-06   8.6794e-07   1.5189e-06   4.5102e-07   1.6304e-06   5.8541e-08   2.6495e-07
1370  14.911450   6.5172e-06   6.2447e-06   7.1592e-06   6.1518e-06   8.6655e-07   1.5174e-06   4.5056e-07   1.6293e-06   5.8158e-08   2.6367e-07
1375  14.912906   6.5045e-06   6.2322e-06   7.1436e-06   6.1417e-06   8.6517e-07   1.5158e-06   4.5010e-07   1.6282e-06   5.7778e-08   2.6240e-07
1380  14.914360   6.4919e-06   6.2198e-06   7.1280e-06   6.1317e-06   8.6379e-07   1.5142e-06   4.4965e-07   1.6270e-06   5.7403e-08   2.6113e-07
1385  14.915811   6.4793e-06   6.2074e-06   7.1125e-06   6.1217e-06   8.6240e-07   1.5126e-06   4.4919e-07   1.6259e-06   5.7031e-08   2.5988e-07
1390  14.917259   6.4667e-06   6.1950e-06   7.0971e-06   6.1118e-06   8.6102e-07   1.5111e-06   4.4873e-07   1.6248e-06   5.6664e-08   2.5863e-07
1395  14.918705   6.4542e-06   6.1827e-06   7.0817e-06   6.1020e-06   8.5964e-07   1.5095e-06   4.4827e-07   1.6237e-06   5.6301e-08   2.5739e-07
1400  14.920148   6.4418e-06   6.1705e-06   7.0664e-06   6.0922e-06   8.5825e-07   1.5079e-06   4.4781e-07   1.6226e-06   5.5942e-08   2.5616e-07
1405  14.921588   6.4294e-06   6.1583e-06   7.0511e-06   6.0825e-06   8.5687e-07   1.5064e-06   4.4735e-07   1.6215e-06   5.5587e-08   2.5494e-07
1410  14.923026   6.4171e-06   6.1461e-06   7.0358e-06   6.0728e-06   8.5549e-07   1.5048e-06   4.4689e-07   1.6204e-06   5.5235e-08   2.5373e-07
1415  14.924461   6.4048e-06   6.1340e-06   7.0207e-06   6.0632e-06   8.5411e-07   1.5032e-06   4.4643e-07   1.6193e-06   5.4888e-08   2.5253e-07
1420  14.925893   6.3926e-06   6.1219e-06   7.0055e-06   6.0537e-06   8.5273e-07   1.5017e-06   4.4597e-07   1.6182e-06   5.4545e-08   2.5133e-07
1425  14.927323   6.3804e-06   6.1099e-06   6.9905e-06   6.0442e-06   8.5135e-07   1.5001e-06   4.4551e-07   1.6171e-06   5.4205e-08   2.5014e-07
1430  14.928751   6.3682e-06   6.0979e-06   6.9754e-06   6.0347e-06   8.4997e-07   1.4985e-06   4.4505e-07   1.6160e-06   5.3869e-08   2.4896e-07
1435  14.930175   6.3562e-06   6.0859e-06   6.9605e-06   6.0253e-06   8.4859e-07   1.4970e-06   4.4459e-07   1.6149e-06   5.3537e-08   2.4779e-07
1440  14.931598   6.3441e-06   6.0740e-06   6.9455e-06   6.0160e-06   8.4722e-07   1.4954e-06   4.4413e-07   1.6138e-06   5.3208e-08   2.4663e-07
1445  14.933017   6.3321e-06   6.0621e-06   6.9307e-06   6.0067e-06   8.4584e-07   1.4939e-06   4.4367e-07   1.6127e-06   5.2883e-08   2.4548e-07
1450  14.934434   6.3202e-06   6.0503e-06   6.9158e-06   5.9975e-06   8.4447e-07   1.4923e-06   4.4320e-07   1.6116e-06   5.2562e-08   2.4433e-07
1455  14.935849   6.3083e-06   6.0385e-06   6.9011e-06   5.9884e-06   8.4309e-07   1.4907e-06   4.4274e-07   1.6105e-06   5.2245e-08   2.4319e-07
1460  14.937261   6.2965e-06   6.0268e-06   6.8863e-06   5.9793e-06   8.4172e-07   1.4892e-06   4.4228e-07   1.6095e-06   5.1931e-08   2.4206e-07
1465  14.938671   6.2847e-06   6.0151e-06   6.8717e-06   5.9702e-06   8.4035e-07   1.4876e-06   4.4182e-07   1.6084e-06   5.1621e-08   2.4094e-07
1470  14.940078   6.2730e-06   6.0034e-06   6.8571e-06   5.9612e-06   8.3897e-07   1.4861e-06   4.4136e-07   1.6073e-06   5.1314e-08   2.3982e-07
1475  14.941482   6.2613e-06   5.9918e-06   6.8425e-06   5.9523e-06   8.3760e-07   1.4845e-06   4.4090e-07   1.6062e-06   5.1010e-08   2.3871e-07
1480  14.942884   6.2496e-06   5.9802e-06   6.8280e-06   5.9434e-06   8.3623e-07   1.4830e-06   4.4044e-07   1.6051e-06   5.0710e-08   2.3761e-07
1485  14.944284   6.2380e-06   5.9687e-06   6.8135e-06   5.9345e-06   8.3486e-07   1.4815e-06   4.3998e-07   1.6040e-06   5.0414e-08   2.3652e-07
1490  14.945681   6.2265e-06   5.9572e-06   6.7991e-06   5.9257e-06   8.3350e-07   1.4799e-06   4.3952e-07   1.6029e-06   5.0121e-08   2.3544e-07
1495  14.947076   6.2150e-06   5.9457e-06   6.7847e-06   5.9170e-06   8.3213e-07   1.4784e-06   4.3906e-07   1.6019e-06   4.9831e-08   2.3436e-07
1500  14.948468   6.2035e-06   5.9343e-06   6.7704e-06   5.9083e-06   8.3077e-07   1.4768e-06   4.3860e-07   1.6008e-06   4.9545e-08   2.3329e-07
1505  14.949858   6.1921e-06   5.9229e-06   6.7561e-06   5.8997e-06   8.2940e-07   1.4753e-06   4.3814e-07   1.5997e-06   4.9262e-08   2.3223e-07
1510  14.951245   6.1808e-06   5.9116e-06   6.7419e-06   5.8911e-06   8.2804e-07   1.4738e-06   4.3768e-07   1.5986e-06   4.8982e-08   2.3117e-07
1515  14.952630   6.1695e-06   5.9003e-06   6.7277e-06   5.8826e-06   8.2668e-07   1.4722e-06   4.3722e-07   1.5976e-06   4.8706e-08   2.3012e-07
1520  14.954012   6.1582e-06   5.8890e-06   6.7136e-06   5.8741e-06   8.2532e-07   1.4707e-06   4.3676e-07   1.5965e-06   4.8432e-08   2.2908e-07
1525  14.955393   6.1470e-06   5.8778e-06   6.6995e-06   5.8657e-06   8.2396e-07   1.4692e-06   4.3630e-07   1.5954e-06   4.8162e-08   2.2805e-07
1530  14.956770   6.1358e-06   5.8666e-06   6.6855e-06   5.8573e-06   8.2260e-07   1.4676e-06   4.3584e-07   1.5944e-06   4.7895e-08   2.2702e-07
1535  14.958146   6.1247e-06   5.8555e-06   6.6715e-06   5.8490e-06   8.2124e-07   1.4661e-06   4.3538e-07   1.5933e-06   4.7632e-08   2.2600e-07
1540  14.959519   6.1136e-06   5.8444e-06   6.6575e-06   5.8407e-06   8.1988e-07   1.4646e-06   4.3492e-07   1.5922e-06   4.7371e-08   2.2499e-07
1545  14.960889   6.1025e-06   5.8333e-06   6.6437e-06   5.8325e-06   8.1853e-07   1.4631e-06   4.3446e-07   1.5912e-06   4.7113e-08   2.2398e-07
1550  14.962258   6.0915e-06   5.8223e-06   6.6298e-06   5.8243e-06   8.1718e-07   1.4615e-06   4.3400e-07   1.5901e-06   4.6859e-08   2.2298e-07
1555  14.963624   6.0806e-06   5.8113e-06   6.6160e-06   5.8161e-06   8.1583e-07   1.4600e-06   4.3354e-07   1.5891e-06   4.6607e-08   2.2199e-07
1560  14.964987   6.0697e-06   5.8004e-06   6.6023e-06   5.8081e-06   8.1447e-07   1.4585e-06   4.3308e-07   1.5880e-06   4.6359e-08   2.2101e-07
1565  14.966349   6.0588e-06   5.7894e-06   6.5886e-06   5.8000e-06   8.1313e-07   1.4570e-06   4.3263e-07   1.5869e-06   4.6113e-08   2.2003e-07
1570  14.967708   6.0480e-06   5.7786e-06   6.5749e-06   5.7920e-06   8.1178e-07   1.4555e-06   4.3217e-07   1.5859e-06   4.5871e-08   2.1906e-07
1575  14.969064   6.0372e-06   5.7677e-06   6.5613e-06   5.7841e-06   8.1043e-07   1.4540e-06   4.3171e-07   1.5848e-06   4.5631e-08   2.1809e-07
1580  14.970419   6.0265e-06   5.7570e-06   6.5478e-06   5.7762e-06   8.0909e-07   1.4525e-06   4.3125e-07   1.5838e-06   4.5395e-08   2.1713e-07
1585  14.971771   6.0158e-06   5.7462e-06   6.5342e-06   5.7683e-06   8.0774e-07   1.4510e-06   4.3080e-07   1.5827e-06   4.5161e-08   2.1618e-07
1590  14.973121   6.0052e-06   5.7355e-06   6.5208e-06   5.7605e-06   8.0640e-07   1.4495e-06   4.3034e-07   1.5817e-06   4.4930e-08   2.1523e-07
1595  14.974468   5.9946e-06   5.7248e-06   6.5074e-06   5.7528e-06   8.0506e-07   1.4480e-06   4.2988e-07   1.5807e-06   4.4702e-08   2.1429e-07
1600  14.975814   5.9840e-06   5.7142e-06   6.4940e-06   5.7451e-06   8.0372e-07   1.4465e-06   4.2943e-07   1.5796e-06   4.4476e-08   2.1336e-07
1605  14.977157   5.9735e-06   5.7036e-06   6.4806e-06   5.7374e-06   8.0239e-07   1.4450e-06   4.2897e-07   1.5786e-06   4.4254e-08   2.1244e-07
1610  14.978498   5.9630e-06   5.6930e-06   6.4674e-06   5.7298e-06   8.0105e-07   1.4435e-06   4.2852e-07   1.5775e-06   4.4034e-08   2.1151e-07
1615  14.979836   5.9526e-06   5.6825e-06   6.4541e-06   5.7222e-06   7.9972e-07   1.4420e-06   4.2806e-07   1.5765e-06   4.3817e-08   2.1060e-07
1620  14.981173   5.9422e-06   5.6720e-06   6.4409e-06   5.7147e-06   7.9838e-07   1.4405e-06   4.2761e-07   1.5755e-06   4.3602e-08   2.0969e-07
1625  14.982507   5.9319e-06   5.6615e-06   6.4278e-06   5.7072e-06   7.9705e-07   1.4390e-06   4.2715e-07   1.5744e-06   4.3391e-08   2.0879e-07
1630  14.983839   5.9216e-06   5.6511e-06   6.4147e-06   5.6998e-06   7.9572e-07   1.4375e-06   4.2670e-07   1.5734e-06   4.3182e-08   2.0790e-07
1635  14.985169   5.9113e-06   5.6407e-06   6.4016e-06   5.6924e-06   7.9439e-07   1.4360e-06   4.2625e-07   1.5724e-06   4.2975e-08   2.0701e-07
1640  14.986497   5.9011e-06   5.6304e-06   6.3886e-06   5.6850e-06   7.9307e-07   1.4346e-06   4.2579e-07   1.5714e-06   4.2772e-08   2.0612e-07
1645  14.987822   5.8909e-06   5.6201e-06   6.3756e-06   5.6777e-06   7.9174e-07   1.4331e-06   4.2534e-07   1.5703e-06   4.2570e-08   2.0524e-07
1650  14.989145   5.8808e-06   5.6098e-06   6.3627e-06   5.6704e-06   7.9042e-07   1.4316e-06   4.2489e-07   1.5693e-06   4.2372e-08   2.0437e-07
1655  14.990467   5.8707e-06   5.5995e-06   6.3498e-06   5.6632e-06   7.8910e-07   1.4301e-06   4.2444e-07   1.5683e-06   4.2176e-08   2.0351e-07
1660  14.991786   5.8606e-06   5.5893e-06   6.3370e-06   5.6560e-06   7.8778e-07   1.4287e-06   4.2398e-07   1.5673e-06   4.1982e-08   2.0265e-07
1665  14.993102   5.8506e-06   5.5792e-06   6.3242e-06   5.6489e-06   7.8646e-07   1.4272e-06   4.2353e-07   1.5663e-06   4.1791e-08   2.0179e-07
1670  14.994417   5.8407e-06   5.5690e-06   6.3114e-06   5.6418e-06   7.8515e-07   1.4257e-06   4.2308e-07   1.5653e-06   4.1603e-08   2.0094e-07
1675  14.995730   5.8307e-06   5.5590e-06   6.2987e-06   5.6348e-06   7.8383e-07   1.4243e-06   4.2263e-07   1.5643e-06   4.1417e-08   2.0010e-07
1680  14.997040   5.8208e-06   5.5489e-06   6.2861e-06   5.6278e-06   7.8252e-07   1.4228e-06   4.2218e-07   1.5633e-06   4.1233e-08   1.9926e-07
1685  14.998349   5.8110e-06   5.5389e-06   6.2734e-06   5.6208e-06   7.8121e-07   1.4214e-06   4.2173e-07   1.5623e-06   4.1052e-08   1.9843e-07
1690  14.999655   5.8012e-06   5.5289e-06   6.2609e-06   5.6139e-06   7.7990e-07   1.4199e-06   4.2129e-07   1.5613e-06   4.0873e-08   1.9761e-07
1695  15.000959   5.7914e-06   5.5189e-06   6.2483e-06   5.6070e-06   7.7860e-07   1.4185e-06   4.2084e-07   1.5603e-06   4.0697e-08   1.9679e-07
1700  15.002261   5.7817e-06   5.5090e-06   6.2358e-06   5.6001e-06   7.7729e-07   1.4170e-06   4.2039e-07   1.5593e-06   4.0523e-08   1.9597e-07
1705  15.003561   5.7720e-06   5.4991e-06   6.2234e-06   5.5934e-06   7.7599e-07   1.4156e-06   4.1994e-07   1.5583e-06   4.0351e-08   1.9516e-07
1710  15.004859   5.7623e-06   5.4893e-06   6.2110e-06   5.5866e-06   7.7469e-07   1.4141e-06   4.1950e-07   1.5573e-06   4.0182e-08   1.9436e-07
1715  15.006155   5.7527e-06   5.4795e-06   6.1986e-06   5.5799e-06   7.7339e-07   1.4127e-06   4.1905e-07   1.5563e-06   4.0015e-08   1.9356e-07
1720  15.007449   5.7432e-06   5.4697e-06   6.1863e-06   5.5732e-06   7.7209e-07   1.4112e-06   4.1861e-07   1.5553e-06   3.9850e-08   1.9277e-07
1725  15.008741   5.7336e-06   5.4600e-06   6.1740e-06   5.5666e-06   7.7079e-07   1.4098e-06   4.1816e-07   1.5543e-06   3.9687e-08   1.9198e-07
1730  15.010031   5.7241e-06   5.4502e-06   6.1618e-06   5.5600e-06   7.6950e-07   1.4084e-06   4.1772e-07   1.5533e-06   3.9527e-08   1.9120e-07
1735  15.011318   5.7147e-06   5.4406e-06   6.1496e-06   5.5534e-06   7.6821e-07   1.4069e-06   4.1727e-07   1.5524e-06   3.9369e-08   1.9042e-07
1740  15.012604   5.7053e-06   5.4309e-06   6.1374e-06   5.5469e-06   7.6692e-07   1.4055e-06   4.1683e-07   1.5514e-06   3.9213e-08   1.8965e-07
1745  15.013888   5.6959e-06   5.4213e-06   6.1253e-06   5.5404e-06   7.6563e-07   1.4041e-06   4.1639e-07   1.5504e-06   3.9060e-08   1.8888e-07
1750  15.015170   5.6865e-06   5.4118e-06   6.1133e-06   5.5340e-06   7.6434e-07   1.4027e-06   4.1594e-07   1.5494e-06   3.8908e-08   1.8812e-07
1755  15.016449   5.6772e-06   5.4022e-06   6.1012e-06   5.5276e-06   7.6306e-07   1.4013e-06   4.1550e-07   1.5485e-06   3.8759e-08   1.8737e-07
1760  15.017727   5.6680e-06   5.3927e-06   6.0892e-06   5.5212e-06   7.6177e-07   1.3998e-06   4.1506e-07   1.5475e-06   3.8612e-08   1.8661e-07
1765  15.019003   5.6587e-06   5.3832e-06   6.0773e-06   5.5149e-06   7.6049e-07   1.3984e-06   4.1462e-07   1.5465e-06   3.8467e-08   1.8587e-07
1770  15.020277   5.6496e-06   5.3738e-06   6.0654e-06   5.5086e-06   7.5922e-07   1.3970e-06   4.1418e-07   1.5456e-06   3.8324e-08   1.8513e-07
1775  15.021549   5.6404e-06   5.3644e-06   6.0535e-06   5.5024e-06   7.5794e-07   1.3956e-06   4.1374e-07   1.5446e-06   3.8183e-08   1.8439e-07
1780  15.022819   5.6313e-06   5.3550e-06   6.0417e-06   5.4961e-06   7.5667e-07   1.3942e-06   4.1330e-07   1.5437e-06   3.8044e-08   1.8366e-07
1785  15.024087   5.6222e-06   5.3457e-06   6.0299e-06   5.4900e-06   7.5539e-07   1.3928e-06   4.1287e-07   1.5427e-06   3.7907e-08   1.8293e-07
1790  15.025353   5.6132e-06   5.3364e-06   6.0182e-06   5.4838e-06   7.5412e-07   1.3914e-06   4.1243e-07   1.5418e-06   3.7773e-08   1.8221e-07
1795  15.026617   5.6042e-06   5.3271e-06   6.0065e-06   5.4778e-06   7.5285e-07   1.3900e-06   4.1199e-07   1.5408e-06   3.7640e-08   1.8149e-07
1800  15.027879   5.5952e-06   5.3179e-06   5.9948e-06   5.4717e-06   7.5159e-07   1.3886e-06   4.1156e-07   1.5399e-06   3.7509e-08   1.8078e-07
1805  15.029139   5.5863e-06   5.3087e-06   5.9832e-06   5.4657e-06   7.5032e-07   1.3872e-06   4.1112e-07   1.5389e-06   3.7381e-08   1.8007e-07
1810  15.030398   5.5774e-06   5.2995e-06   5.9716e-06   5.4597e-06   7.4906e-07   1.3859e-06   4.1069e-07   1.5380e-06   3.7254e-08   1.7937e-07
1815  15.031654   5.5685e-06   5.2904e-06   5.9600e-06   5.4537e-06   7.4780e-07   1.3845e-06   4.1025e-07   1.5370e-06   3.7129e-08   1.7867e-07
1820  15.032909   5.5597e-06   5.2813e-06   5.9485e-06   5.4478e-06   7.4654e-07   1.3831e-06   4.0982e-07   1.5361e-06   3.7006e-08   1.7798e-07
1825  15.034162   5.5509e-06   5.2722e-06   5.9371e-06   5.4420e-06   7.4529e-07   1.3817e-06   4.0939e-07   1.5352e-06   3.6886e-08   1.7729e-07
1830  15.035413   5.5422e-06   5.2631e-06   5.9256e-06   5.4361e-06   7.4403e-07   1.3803e-06   4.0896e-07   1.5343e-06   3.6767e-08   1.7661e-07
1835  15.036662   5.5334e-06   5.2541e-06   5.9143e-06   5.4303e-06   7.4278e-07   1.3790e-06   4.0853e-07   1.5333e-06   3.6649e-08   1.7593e-07
1840  15.037909   5.5248e-06   5.2452e-06   5.9029e-06   5.4246e-06   7.4153e-07   1.3776e-06   4.0810e-07   1.5324e-06   3.6534e-08   1.7525e-07
1845  15.039154   5.5161e-06   5.2362e-06   5.8916e-06   5.4188e-06   7.4028e-07   1.3762e-06   4.0767e-07   1.5315e-06   3.6421e-08   1.7458e-07
1850  15.040397   5.5075e-06   5.2273e-06   5.8803e-06   5.4131e-06   7.3904e-07   1.3749e-06   4.0724e-07   1.5306e-06   3.6309e-08   1.7392e-07
1855  15.041639   5.4989e-06   5.2184e-06   5.8691e-06   5.4075e-06   7.3780e-07   1.3735e-06   4.0681e-07   1.5297e-06   3.6200e-08   1.7326e-07
1860  15.042879   5.4904e-06   5.2096e-06   5.8579e-06   5.4019e-06   7.3655e-07   1.3722e-06   4.0638e-07   1.5287e-06   3.6092e-08   1.7260e-07
1865  15.044117   5.4819e-06   5.2007e-06   5.8467e-06   5.3963e-06   7.3531e-07   1.3708e-06   4.0595e-07   1.5278e-06   3.5986e-08   1.7195e-07
1870  15.045353   5.4734e-06   5.1920e-06   5.8356e-06   5.3907e-06   7.3408e-07   1.3695e-06   4.0553e-07   1.5269e-06   3.5881e-08   1.7130e-07
1875  15.046587   5.4650e-06   5.1832e-06   5.8245e-06   5.3852e-06   7.3284e-07   1.3681e-06   4.0510e-07   1.5260e-06   3.5779e-08   1.7065e-07
1880  15.047820   5.4566e-06   5.1745e-06   5.8135e-06   5.3797e-06   7.3161e-07   1.3668e-06   4.0468e-07   1.5251e-06   3.5678e-08   1.7002e-07
1885  15.049051   5.4482e-06   5.1658e-06   5.8025e-06   5.3743e-06   7.3038e-07   1.3654e-06   4.0425e-07   1.5242e-06   3.5579e-08   1.6938e-07
1890  15.050280   5.4399e-06   5.1571e-06   5.7915e-06   5.3689e-06   7.2915e-07   1.3641e-06   4.0383e-07   1.5233e-06   3.5482e-08   1.6875e-07
1895  15.051507   5.4316e-06   5.1485e-06   5.7806e-06   5.3635e-06   7.2792e-07   1.3628e-06   4.0341e-07   1.5224e-06   3.5386e-08   1.6812e-07
1900  15.052732   5.4234e-06   5.1399e-06   5.7697e-06   5.3581e-06   7.2670e-07   1.3614e-06   4.0299e-07   1.5216e-06   3.5293e-08   1.6750e-07
1905  15.053956   5.4151e-06   5.1313e-06   5.7589e-06   5.3528e-06   7.2548e-07   1.3601e-06   4.0257e-07   1.5207e-06   3.5200e-08   1.6688e-07
1910  15.055178   5.4069e-06   5.1228e-06   5.7480e-06   5.3476e-06   7.2426e-07   1.3588e-06   4.0215e-07   1.5198e-06   3.5110e-08   1.6627e-07
1915  15.056398   5.3988e-06   5.1143e-06   5.7373e-06   5.3423e-06   7.2304e-07   1.3575e-06   4.0173e-07   1.5189e-06   3.5021e-08   1.6566e-07
1920  15.057616   5.3907e-06   5.1058e-06   5.7265e-06   5.3371e-06   7.2183e-07   1.3562e-06   4.0131e-07   1.5180e-06   3.4934e-08   1.6505e-07
1925  15.058833   5.3826e-06   5.0973e-06   5.7158e-06   5.3319e-06   7.2061e-07   1.3548e-06   4.0089e-07   1.5172e-06   3.4848e-08   1.6445e-07
1930  15.060048   5.3745e-06   5.0889e-06   5.7051e-06   5.3268e-06   7.1940e-07   1.3535e-06   4.0047e-07   1.5163e-06   3.4765e-08   1.6385e-07
1935  15.061261   5.3665e-06   5.0805e-06   5.6945e-06   5.3217e-06   7.1819e-07   1.3522e-06   4.0006e-07   1.5154e-06   3.4682e-08   1.6325e-07
1940  15.062473   5.3585e-06   5.0722e-06   5.6839e-06   5.3166e-06   7.1699e-07   1.3509e-06   3.9964e-07   1.5145e-06   3.4602e-08   1.6266e-07
1945  15.063683   5.3505e-06   5.0638e-06   5.6733e-06   5.3115e-06   7.1578e-07   1.3496e-06   3.9923e-07   1.5137e-06   3.4523e-08   1.6208e-07
1950  15.064891   5.3426e-06   5.0555e-06   5.6628e-06   5.3065e-06   7.1458e-07   1.3483e-06   3.9881e-07   1.5128e-06   3.4445e-08   1.6150e-07
1955  15.066097   5.3347e-06   5.0473e-06   5.6523e-06   5.3015e-06   7.1338e-07   1.3470e-06   3.9840e-07   1.5120e-06   3.4369e-08   1.6092e-07
1960  15.067302   5.3268e-06   5.0390e-06   5.6419e-06   5.2966e-06   7.1218e-07   1.3457e-06   3.9799e-07   1.5111e-06   3.4295e-08   1.6034e-07
1965  15.068505   5.3190e-06   5.0308e-06   5.6315e-06   5.2917e-06   7.1099e-07   1.3444e-06   3.9758e-07   1.5103e-06   3.4222e-08   1.5977e-07
1970  15.069706   5.3112e-06   5.0226e-06   5.6211e-06   5.2868e-06   7.0979e-07   1.3432e-06   3.9717e-07   1.5094e-06   3.4151e-08   1.5920e-07
1975  15.070906   5.3034e-06   5.0145e-06   5.6107e-06   5.2819e-06   7.0860e-07   1.3419e-06   3.9676e-07   1.5086e-06   3.4081e-08   1.5864e-07
1980  15.072104   5.2957e-06   5.0064e-06   5.6004e-06   5.2771e-06   7.0741e-07   1.3406e-06   3.9635e-07   1.5077e-06   3.4012e-08   1.5808e-07
1985  15.073301   5.2880e-06   4.9983e-06   5.5901e-06   5.2723e-06   7.0623e-07   1.3393e-06   3.9594e-07   1.5069e-06   3.3946e-08   1.5753e-07
1990  15.074496   5.2803e-06   4.9902e-06   5.5799e-06   5.2676e-06   7.0504e-07   1.3381e-06   3.9553e-07   1.5061e-06   3.3880e-08   1.5697e-07
1995  15.075689   5.2727e-06   4.9822e-06   5.5697e-06   5.2629e-06   7.0386e-07   1.3368e-06   3.9512e-07   1.5052e-06   3.3816e-08   1.5643e-07
2000  15.076880   5.2651e-06   4.9742e-06   5.5595e-06   5.2582e-06   7.0268e-07   1.3355e-06   3.9472e-07   1.5044e-06   3.3754e-08   1.5588e-07
