#T volume alpha alpha_xx alpha_yy alpha_zz alpha_yz alpha_zy alpha_xz alpha_zx alpha_xy alpha_yx
5  11.817698   4.6223e-09   4.8140e-09   4.8140e-09   4.2395e-09   0.0000e+00   0.0000e+00   0.0000e+00   0.0000e+00   4.7080e-10   4.7080e-10
10  11.817699   8.5277e-09   8.8813e-09   8.8813e-09   7.8215e-09   0.0000e+00   0.0000e+00   0.0000e+00   0.0000e+00   8.6857e-10   8.6857e-10
15  11.817701   2.2877e-08   2.3826e-08   2.3826e-08   2.0983e-08   0.0000e+00   0.0000e+00   0.0000e+00   0.0000e+00   2.3301e-09   2.3301e-09
20  11.817708   6.2675e-08   6.5274e-08   6.5274e-08   5.7485e-08   0.0000e+00   0.0000e+00   0.0000e+00   0.0000e+00   6.3838e-09   6.3838e-09
25  11.817727   1.5969e-07   1.6631e-07   1.6631e-07   1.4646e-07   0.0000e+00   0.0000e+00   0.0000e+00   0.0000e+00   1.6266e-08   1.6266e-08
30  11.817770   3.3928e-07   3.5335e-07   3.5335e-07   3.1118e-07   0.0000e+00   0.0000e+00   0.0000e+00   0.0000e+00   3.4563e-08   3.4563e-08
35  11.817853   6.0856e-07   6.3380e-07   6.3380e-07   5.5815e-07   0.0000e+00   0.0000e+00   0.0000e+00   0.0000e+00   6.2008e-08   6.2008e-08
40  11.817990   9.5864e-07   9.9840e-07   9.9840e-07   8.7923e-07   0.0000e+00   0.0000e+00   0.0000e+00   0.0000e+00   9.7714e-08   9.7714e-08
45  11.818196   1.3728e-06   1.4297e-06   1.4297e-06   1.2590e-06   0.0000e+00   0.0000e+00   0.0000e+00   0.0000e+00   1.4000e-07   1.4000e-07
50  11.818480   1.8326e-06   1.9087e-06   1.9087e-06   1.6807e-06   0.0000e+00   0.0000e+00   0.0000e+00   0.0000e+00   1.8703e-07   1.8703e-07
55  11.818848   2.3215e-06   2.4179e-06   2.4179e-06   2.1290e-06   0.0000e+00   0.0000e+00   0.0000e+00   0.0000e+00   2.3715e-07   2.3715e-07
60  11.819304   2.8257e-06   2.9430e-06   2.9430e-06   2.5913e-06   0.0000e+00   0.0000e+00   0.0000e+00   0.0000e+00   2.8898e-07   2.8898e-07
65  11.819850   3.3343e-06   3.4729e-06   3.4729e-06   3.0576e-06   0.0000e+00   0.0000e+00   0.0000e+00   0.0000e+00   3.4147e-07   3.4147e-07
70  11.820486   3.8392e-06   3.9989e-06   3.9989e-06   3.5204e-06   0.0000e+00   0.0000e+00   0.0000e+00   0.0000e+00   3.9380e-07   3.9380e-07
75  11.821211   4.3344e-06   4.5148e-06   4.5148e-06   3.9742e-06   0.0000e+00   0.0000e+00   0.0000e+00   0.0000e+00   4.4540e-07   4.4540e-07
80  11.822022   4.8156e-06   5.0162e-06   5.0162e-06   4.4150e-06   0.0000e+00   0.0000e+00   0.0000e+00   0.0000e+00   4.9583e-07   4.9583e-07
85  11.822918   5.2799e-06   5.5000e-06   5.5000e-06   4.8403e-06   0.0000e+00   0.0000e+00   0.0000e+00   0.0000e+00   5.4482e-07   5.4482e-07
90  11.823894   5.7253e-06   5.9642e-06   5.9642e-06   5.2482e-06   0.0000e+00   0.0000e+00   0.0000e+00   0.0000e+00   5.9218e-07   5.9218e-07
95  11.824947   6.1509e-06   6.4078e-06   6.4078e-06   5.6377e-06   0.0000e+00   0.0000e+00   0.0000e+00   0.0000e+00   6.3779e-07   6.3779e-07
100  11.826075   6.5560e-06   6.8302e-06   6.8302e-06   6.0085e-06   0.0000e+00   0.0000e+00   0.0000e+00   0.0000e+00   6.8162e-07   6.8162e-07
105  11.827272   6.9407e-06   7.2313e-06   7.2313e-06   6.3604e-06   0.0000e+00   0.0000e+00   0.0000e+00   0.0000e+00   7.2363e-07   7.2363e-07
110  11.828536   7.3053e-06   7.6115e-06   7.6115e-06   6.6938e-06   0.0000e+00   0.0000e+00   0.0000e+00   0.0000e+00   7.6386e-07   7.6386e-07
115  11.829863   7.6503e-06   7.9713e-06   7.9713e-06   7.0091e-06   0.0000e+00   0.0000e+00   0.0000e+00   0.0000e+00   8.0235e-07   8.0235e-07
120  11.831250   7.9764e-06   8.3115e-06   8.3115e-06   7.3069e-06   0.0000e+00   0.0000e+00   0.0000e+00   0.0000e+00   8.3914e-07   8.3914e-07
125  11.832693   8.2843e-06   8.6328e-06   8.6328e-06   7.5882e-06   0.0000e+00   0.0000e+00   0.0000e+00   0.0000e+00   8.7432e-07   8.7432e-07
130  11.834190   8.5751e-06   8.9363e-06   8.9363e-06   7.8535e-06   0.0000e+00   0.0000e+00   0.0000e+00   0.0000e+00   9.0794e-07   9.0794e-07
135  11.835737   8.8495e-06   9.2227e-06   9.2227e-06   8.1038e-06   0.0000e+00   0.0000e+00   0.0000e+00   0.0000e+00   9.4009e-07   9.4009e-07
140  11.837331   9.1084e-06   9.4931e-06   9.4931e-06   8.3399e-06   0.0000e+00   0.0000e+00   0.0000e+00   0.0000e+00   9.7084e-07   9.7084e-07
145  11.838971   9.3529e-06   9.7485e-06   9.7485e-06   8.5627e-06   0.0000e+00   0.0000e+00   0.0000e+00   0.0000e+00   1.0003e-06   1.0003e-06
150  11.840652   9.5837e-06   9.9896e-06   9.9896e-06   8.7729e-06   0.0000e+00   0.0000e+00   0.0000e+00   0.0000e+00   1.0284e-06   1.0284e-06
155  11.842374   9.8018e-06   1.0217e-05   1.0217e-05   8.9714e-06   0.0000e+00   0.0000e+00   0.0000e+00   0.0000e+00   1.0554e-06   1.0554e-06
160  11.844134   1.0008e-05   1.0433e-05   1.0433e-05   9.1588e-06   0.0000e+00   0.0000e+00   0.0000e+00   0.0000e+00   1.0813e-06   1.0813e-06
165  11.845930   1.0203e-05   1.0637e-05   1.0637e-05   9.3360e-06   0.0000e+00   0.0000e+00   0.0000e+00   0.0000e+00   1.1061e-06   1.1061e-06
170  11.847759   1.0387e-05   1.0829e-05   1.0829e-05   9.5036e-06   0.0000e+00   0.0000e+00   0.0000e+00   0.0000e+00   1.1300e-06   1.1300e-06
175  11.849621   1.0562e-05   1.1012e-05   1.1012e-05   9.6622e-06   0.0000e+00   0.0000e+00   0.0000e+00   0.0000e+00   1.1529e-06   1.1529e-06
180  11.851513   1.0727e-05   1.1185e-05   1.1185e-05   9.8124e-06   0.0000e+00   0.0000e+00   0.0000e+00   0.0000e+00   1.1749e-06   1.1749e-06
185  11.853434   1.0884e-05   1.1350e-05   1.1350e-05   9.9548e-06   0.0000e+00   0.0000e+00   0.0000e+00   0.0000e+00   1.1961e-06   1.1961e-06
190  11.855383   1.1033e-05   1.1506e-05   1.1506e-05   1.0090e-05   0.0000e+00   0.0000e+00   0.0000e+00   0.0000e+00   1.2165e-06   1.2165e-06
195  11.857358   1.1175e-05   1.1654e-05   1.1654e-05   1.0218e-05   0.0000e+00   0.0000e+00   0.0000e+00   0.0000e+00   1.2361e-06   1.2361e-06
200  11.859358   1.1310e-05   1.1795e-05   1.1795e-05   1.0340e-05   0.0000e+00   0.0000e+00   0.0000e+00   0.0000e+00   1.2551e-06   1.2551e-06
205  11.861382   1.1438e-05   1.1929e-05   1.1929e-05   1.0456e-05   0.0000e+00   0.0000e+00   0.0000e+00   0.0000e+00   1.2734e-06   1.2734e-06
210  11.863428   1.1560e-05   1.2057e-05   1.2057e-05   1.0567e-05   0.0000e+00   0.0000e+00   0.0000e+00   0.0000e+00   1.2910e-06   1.2910e-06
215  11.865496   1.1677e-05   1.2180e-05   1.2180e-05   1.0672e-05   0.0000e+00   0.0000e+00   0.0000e+00   0.0000e+00   1.3081e-06   1.3081e-06
220  11.867584   1.1788e-05   1.2296e-05   1.2296e-05   1.0773e-05   0.0000e+00   0.0000e+00   0.0000e+00   0.0000e+00   1.3245e-06   1.3245e-06
225  11.869692   1.1894e-05   1.2408e-05   1.2408e-05   1.0869e-05   0.0000e+00   0.0000e+00   0.0000e+00   0.0000e+00   1.3404e-06   1.3404e-06
230  11.871819   1.1996e-05   1.2514e-05   1.2514e-05   1.0961e-05   0.0000e+00   0.0000e+00   0.0000e+00   0.0000e+00   1.3558e-06   1.3558e-06
235  11.873964   1.2093e-05   1.2616e-05   1.2616e-05   1.1049e-05   0.0000e+00   0.0000e+00   0.0000e+00   0.0000e+00   1.3707e-06   1.3707e-06
240  11.876127   1.2187e-05   1.2714e-05   1.2714e-05   1.1133e-05   0.0000e+00   0.0000e+00   0.0000e+00   0.0000e+00   1.3851e-06   1.3851e-06
245  11.878306   1.2276e-05   1.2808e-05   1.2808e-05   1.1214e-05   0.0000e+00   0.0000e+00   0.0000e+00   0.0000e+00   1.3990e-06   1.3990e-06
250  11.880501   1.2362e-05   1.2898e-05   1.2898e-05   1.1291e-05   0.0000e+00   0.0000e+00   0.0000e+00   0.0000e+00   1.4125e-06   1.4125e-06
255  11.882712   1.2445e-05   1.2985e-05   1.2985e-05   1.1366e-05   0.0000e+00   0.0000e+00   0.0000e+00   0.0000e+00   1.4256e-06   1.4256e-06
260  11.884938   1.2524e-05   1.3068e-05   1.3068e-05   1.1437e-05   0.0000e+00   0.0000e+00   0.0000e+00   0.0000e+00   1.4383e-06   1.4383e-06
265  11.887177   1.2601e-05   1.3148e-05   1.3148e-05   1.1506e-05   0.0000e+00   0.0000e+00   0.0000e+00   0.0000e+00   1.4505e-06   1.4505e-06
270  11.889431   1.2674e-05   1.3225e-05   1.3225e-05   1.1573e-05   0.0000e+00   0.0000e+00   0.0000e+00   0.0000e+00   1.4624e-06   1.4624e-06
275  11.891698   1.2745e-05   1.3300e-05   1.3300e-05   1.1637e-05   0.0000e+00   0.0000e+00   0.0000e+00   0.0000e+00   1.4739e-06   1.4739e-06
280  11.893978   1.2814e-05   1.3372e-05   1.3372e-05   1.1699e-05   0.0000e+00   0.0000e+00   0.0000e+00   0.0000e+00   1.4850e-06   1.4850e-06
285  11.896270   1.2880e-05   1.3441e-05   1.3441e-05   1.1759e-05   0.0000e+00   0.0000e+00   0.0000e+00   0.0000e+00   1.4958e-06   1.4958e-06
290  11.898574   1.2944e-05   1.3509e-05   1.3509e-05   1.1817e-05   0.0000e+00   0.0000e+00   0.0000e+00   0.0000e+00   1.5062e-06   1.5062e-06
295  11.900891   1.3007e-05   1.3574e-05   1.3574e-05   1.1873e-05   0.0000e+00   0.0000e+00   0.0000e+00   0.0000e+00   1.5163e-06   1.5163e-06
300  11.903218   1.3067e-05   1.3637e-05   1.3637e-05   1.1927e-05   0.0000e+00   0.0000e+00   0.0000e+00   0.0000e+00   1.5260e-06   1.5260e-06
305  11.905557   1.3125e-05   1.3698e-05   1.3698e-05   1.1980e-05   0.0000e+00   0.0000e+00   0.0000e+00   0.0000e+00   1.5355e-06   1.5355e-06
310  11.907906   1.3182e-05   1.3757e-05   1.3757e-05   1.2031e-05   0.0000e+00   0.0000e+00   0.0000e+00   0.0000e+00   1.5446e-06   1.5446e-06
315  11.910265   1.3237e-05   1.3814e-05   1.3814e-05   1.2081e-05   0.0000e+00   0.0000e+00   0.0000e+00   0.0000e+00   1.5534e-06   1.5534e-06
320  11.912635   1.3290e-05   1.3870e-05   1.3870e-05   1.2130e-05   0.0000e+00   0.0000e+00   0.0000e+00   0.0000e+00   1.5619e-06   1.5619e-06
325  11.915015   1.3342e-05   1.3924e-05   1.3924e-05   1.2177e-05   0.0000e+00   0.0000e+00   0.0000e+00   0.0000e+00   1.5701e-06   1.5701e-06
330  11.917404   1.3392e-05   1.3977e-05   1.3977e-05   1.2223e-05   0.0000e+00   0.0000e+00   0.0000e+00   0.0000e+00   1.5781e-06   1.5781e-06
335  11.919803   1.3442e-05   1.4029e-05   1.4029e-05   1.2268e-05   0.0000e+00   0.0000e+00   0.0000e+00   0.0000e+00   1.5857e-06   1.5857e-06
340  11.922211   1.3490e-05   1.4079e-05   1.4079e-05   1.2312e-05   0.0000e+00   0.0000e+00   0.0000e+00   0.0000e+00   1.5931e-06   1.5931e-06
345  11.924628   1.3537e-05   1.4127e-05   1.4127e-05   1.2355e-05   0.0000e+00   0.0000e+00   0.0000e+00   0.0000e+00   1.6001e-06   1.6001e-06
350  11.927053   1.3582e-05   1.4175e-05   1.4175e-05   1.2397e-05   0.0000e+00   0.0000e+00   0.0000e+00   0.0000e+00   1.6069e-06   1.6069e-06
355  11.929487   1.3627e-05   1.4222e-05   1.4222e-05   1.2438e-05   0.0000e+00   0.0000e+00   0.0000e+00   0.0000e+00   1.6134e-06   1.6134e-06
360  11.931930   1.3671e-05   1.4267e-05   1.4267e-05   1.2478e-05   0.0000e+00   0.0000e+00   0.0000e+00   0.0000e+00   1.6197e-06   1.6197e-06
365  11.934381   1.3713e-05   1.4311e-05   1.4311e-05   1.2517e-05   0.0000e+00   0.0000e+00   0.0000e+00   0.0000e+00   1.6256e-06   1.6256e-06
370  11.936840   1.3755e-05   1.4355e-05   1.4355e-05   1.2556e-05   0.0000e+00   0.0000e+00   0.0000e+00   0.0000e+00   1.6314e-06   1.6314e-06
375  11.939307   1.3796e-05   1.4397e-05   1.4397e-05   1.2594e-05   0.0000e+00   0.0000e+00   0.0000e+00   0.0000e+00   1.6368e-06   1.6368e-06
380  11.941781   1.3836e-05   1.4439e-05   1.4439e-05   1.2631e-05   0.0000e+00   0.0000e+00   0.0000e+00   0.0000e+00   1.6420e-06   1.6420e-06
385  11.944263   1.3876e-05   1.4479e-05   1.4479e-05   1.2668e-05   0.0000e+00   0.0000e+00   0.0000e+00   0.0000e+00   1.6469e-06   1.6469e-06
390  11.946753   1.3914e-05   1.4519e-05   1.4519e-05   1.2704e-05   0.0000e+00   0.0000e+00   0.0000e+00   0.0000e+00   1.6516e-06   1.6516e-06
395  11.949250   1.3952e-05   1.4559e-05   1.4559e-05   1.2739e-05   0.0000e+00   0.0000e+00   0.0000e+00   0.0000e+00   1.6559e-06   1.6559e-06
400  11.951755   1.3990e-05   1.4597e-05   1.4597e-05   1.2774e-05   0.0000e+00   0.0000e+00   0.0000e+00   0.0000e+00   1.6601e-06   1.6601e-06
405  11.954266   1.4026e-05   1.4635e-05   1.4635e-05   1.2809e-05   0.0000e+00   0.0000e+00   0.0000e+00   0.0000e+00   1.6640e-06   1.6640e-06
410  11.956785   1.4062e-05   1.4672e-05   1.4672e-05   1.2843e-05   0.0000e+00   0.0000e+00   0.0000e+00   0.0000e+00   1.6676e-06   1.6676e-06
415  11.959311   1.4098e-05   1.4708e-05   1.4708e-05   1.2877e-05   0.0000e+00   0.0000e+00   0.0000e+00   0.0000e+00   1.6710e-06   1.6710e-06
420  11.961843   1.4133e-05   1.4744e-05   1.4744e-05   1.2910e-05   0.0000e+00   0.0000e+00   0.0000e+00   0.0000e+00   1.6741e-06   1.6741e-06
425  11.964382   1.4167e-05   1.4779e-05   1.4779e-05   1.2943e-05   0.0000e+00   0.0000e+00   0.0000e+00   0.0000e+00   1.6769e-06   1.6769e-06
430  11.966928   1.4201e-05   1.4814e-05   1.4814e-05   1.2975e-05   0.0000e+00   0.0000e+00   0.0000e+00   0.0000e+00   1.6795e-06   1.6795e-06
435  11.969481   1.4235e-05   1.4848e-05   1.4848e-05   1.3007e-05   0.0000e+00   0.0000e+00   0.0000e+00   0.0000e+00   1.6819e-06   1.6819e-06
440  11.972040   1.4268e-05   1.4882e-05   1.4882e-05   1.3039e-05   0.0000e+00   0.0000e+00   0.0000e+00   0.0000e+00   1.6840e-06   1.6840e-06
445  11.974605   1.4301e-05   1.4915e-05   1.4915e-05   1.3071e-05   0.0000e+00   0.0000e+00   0.0000e+00   0.0000e+00   1.6858e-06   1.6858e-06
450  11.977177   1.4333e-05   1.4948e-05   1.4948e-05   1.3102e-05   0.0000e+00   0.0000e+00   0.0000e+00   0.0000e+00   1.6874e-06   1.6874e-06
455  11.979755   1.4365e-05   1.4980e-05   1.4980e-05   1.3133e-05   0.0000e+00   0.0000e+00   0.0000e+00   0.0000e+00   1.6887e-06   1.6887e-06
460  11.982339   1.4396e-05   1.5012e-05   1.5012e-05   1.3164e-05   0.0000e+00   0.0000e+00   0.0000e+00   0.0000e+00   1.6898e-06   1.6898e-06
465  11.984930   1.4427e-05   1.5043e-05   1.5043e-05   1.3194e-05   0.0000e+00   0.0000e+00   0.0000e+00   0.0000e+00   1.6906e-06   1.6906e-06
470  11.987527   1.4458e-05   1.5074e-05   1.5074e-05   1.3224e-05   0.0000e+00   0.0000e+00   0.0000e+00   0.0000e+00   1.6911e-06   1.6911e-06
475  11.990129   1.4489e-05   1.5105e-05   1.5105e-05   1.3255e-05   0.0000e+00   0.0000e+00   0.0000e+00   0.0000e+00   1.6914e-06   1.6914e-06
480  11.992738   1.4519e-05   1.5135e-05   1.5135e-05   1.3285e-05   0.0000e+00   0.0000e+00   0.0000e+00   0.0000e+00   1.6915e-06   1.6915e-06
485  11.995353   1.4549e-05   1.5165e-05   1.5165e-05   1.3314e-05   0.0000e+00   0.0000e+00   0.0000e+00   0.0000e+00   1.6912e-06   1.6912e-06
490  11.997974   1.4578e-05   1.5195e-05   1.5195e-05   1.3344e-05   0.0000e+00   0.0000e+00   0.0000e+00   0.0000e+00   1.6907e-06   1.6907e-06
495  12.000600   1.4608e-05   1.5224e-05   1.5224e-05   1.3374e-05   0.0000e+00   0.0000e+00   0.0000e+00   0.0000e+00   1.6900e-06   1.6900e-06
500  12.003233   1.4637e-05   1.5253e-05   1.5253e-05   1.3403e-05   0.0000e+00   0.0000e+00   0.0000e+00   0.0000e+00   1.6890e-06   1.6890e-06
505  12.005871   1.4666e-05   1.5282e-05   1.5282e-05   1.3433e-05   0.0000e+00   0.0000e+00   0.0000e+00   0.0000e+00   1.6877e-06   1.6877e-06
510  12.008515   1.4694e-05   1.5310e-05   1.5310e-05   1.3462e-05   0.0000e+00   0.0000e+00   0.0000e+00   0.0000e+00   1.6862e-06   1.6862e-06
515  12.011165   1.4723e-05   1.5338e-05   1.5338e-05   1.3491e-05   0.0000e+00   0.0000e+00   0.0000e+00   0.0000e+00   1.6844e-06   1.6844e-06
520  12.013820   1.4751e-05   1.5366e-05   1.5366e-05   1.3520e-05   0.0000e+00   0.0000e+00   0.0000e+00   0.0000e+00   1.6823e-06   1.6823e-06
525  12.016481   1.4779e-05   1.5394e-05   1.5394e-05   1.3549e-05   0.0000e+00   0.0000e+00   0.0000e+00   0.0000e+00   1.6800e-06   1.6800e-06
530  12.019148   1.4807e-05   1.5421e-05   1.5421e-05   1.3578e-05   0.0000e+00   0.0000e+00   0.0000e+00   0.0000e+00   1.6774e-06   1.6774e-06
535  12.021820   1.4835e-05   1.5448e-05   1.5448e-05   1.3607e-05   0.0000e+00   0.0000e+00   0.0000e+00   0.0000e+00   1.6745e-06   1.6745e-06
540  12.024498   1.4863e-05   1.5475e-05   1.5475e-05   1.3636e-05   0.0000e+00   0.0000e+00   0.0000e+00   0.0000e+00   1.6713e-06   1.6713e-06
545  12.027182   1.4890e-05   1.5502e-05   1.5502e-05   1.3665e-05   0.0000e+00   0.0000e+00   0.0000e+00   0.0000e+00   1.6679e-06   1.6679e-06
550  12.029871   1.4917e-05   1.5528e-05   1.5528e-05   1.3694e-05   0.0000e+00   0.0000e+00   0.0000e+00   0.0000e+00   1.6642e-06   1.6642e-06
555  12.032565   1.4945e-05   1.5555e-05   1.5555e-05   1.3723e-05   0.0000e+00   0.0000e+00   0.0000e+00   0.0000e+00   1.6602e-06   1.6602e-06
560  12.035265   1.4972e-05   1.5581e-05   1.5581e-05   1.3751e-05   0.0000e+00   0.0000e+00   0.0000e+00   0.0000e+00   1.6560e-06   1.6560e-06
565  12.037971   1.4999e-05   1.5607e-05   1.5607e-05   1.3780e-05   0.0000e+00   0.0000e+00   0.0000e+00   0.0000e+00   1.6514e-06   1.6514e-06
570  12.040682   1.5025e-05   1.5633e-05   1.5633e-05   1.3809e-05   0.0000e+00   0.0000e+00   0.0000e+00   0.0000e+00   1.6466e-06   1.6466e-06
575  12.043399   1.5052e-05   1.5658e-05   1.5658e-05   1.3838e-05   0.0000e+00   0.0000e+00   0.0000e+00   0.0000e+00   1.6415e-06   1.6415e-06
580  12.046120   1.5079e-05   1.5684e-05   1.5684e-05   1.3867e-05   0.0000e+00   0.0000e+00   0.0000e+00   0.0000e+00   1.6361e-06   1.6361e-06
585  12.048848   1.5105e-05   1.5709e-05   1.5709e-05   1.3896e-05   0.0000e+00   0.0000e+00   0.0000e+00   0.0000e+00   1.6304e-06   1.6304e-06
590  12.051581   1.5132e-05   1.5734e-05   1.5734e-05   1.3925e-05   0.0000e+00   0.0000e+00   0.0000e+00   0.0000e+00   1.6244e-06   1.6244e-06
595  12.054319   1.5158e-05   1.5759e-05   1.5759e-05   1.3954e-05   0.0000e+00   0.0000e+00   0.0000e+00   0.0000e+00   1.6182e-06   1.6182e-06
600  12.057062   1.5185e-05   1.5784e-05   1.5784e-05   1.3984e-05   0.0000e+00   0.0000e+00   0.0000e+00   0.0000e+00   1.6116e-06   1.6116e-06
605  12.059811   1.5211e-05   1.5809e-05   1.5809e-05   1.4013e-05   0.0000e+00   0.0000e+00   0.0000e+00   0.0000e+00   1.6048e-06   1.6048e-06
610  12.062565   1.5237e-05   1.5833e-05   1.5833e-05   1.4042e-05   0.0000e+00   0.0000e+00   0.0000e+00   0.0000e+00   1.5976e-06   1.5976e-06
615  12.065325   1.5263e-05   1.5858e-05   1.5858e-05   1.4072e-05   0.0000e+00   0.0000e+00   0.0000e+00   0.0000e+00   1.5902e-06   1.5902e-06
620  12.068090   1.5289e-05   1.5882e-05   1.5882e-05   1.4101e-05   0.0000e+00   0.0000e+00   0.0000e+00   0.0000e+00   1.5824e-06   1.5824e-06
625  12.070861   1.5315e-05   1.5907e-05   1.5907e-05   1.4131e-05   0.0000e+00   0.0000e+00   0.0000e+00   0.0000e+00   1.5744e-06   1.5744e-06
630  12.073636   1.5341e-05   1.5931e-05   1.5931e-05   1.4160e-05   0.0000e+00   0.0000e+00   0.0000e+00   0.0000e+00   1.5660e-06   1.5660e-06
635  12.076417   1.5367e-05   1.5955e-05   1.5955e-05   1.4190e-05   0.0000e+00   0.0000e+00   0.0000e+00   0.0000e+00   1.5574e-06   1.5574e-06
640  12.079204   1.5393e-05   1.5979e-05   1.5979e-05   1.4220e-05   0.0000e+00   0.0000e+00   0.0000e+00   0.0000e+00   1.5484e-06   1.5484e-06
645  12.081996   1.5419e-05   1.6003e-05   1.6003e-05   1.4250e-05   0.0000e+00   0.0000e+00   0.0000e+00   0.0000e+00   1.5391e-06   1.5391e-06
650  12.084793   1.5445e-05   1.6027e-05   1.6027e-05   1.4280e-05   0.0000e+00   0.0000e+00   0.0000e+00   0.0000e+00   1.5295e-06   1.5295e-06
655  12.087595   1.5471e-05   1.6050e-05   1.6050e-05   1.4311e-05   0.0000e+00   0.0000e+00   0.0000e+00   0.0000e+00   1.5196e-06   1.5196e-06
660  12.090403   1.5497e-05   1.6074e-05   1.6074e-05   1.4341e-05   0.0000e+00   0.0000e+00   0.0000e+00   0.0000e+00   1.5093e-06   1.5093e-06
665  12.093216   1.5523e-05   1.6097e-05   1.6097e-05   1.4372e-05   0.0000e+00   0.0000e+00   0.0000e+00   0.0000e+00   1.4987e-06   1.4987e-06
670  12.096035   1.5549e-05   1.6121e-05   1.6121e-05   1.4402e-05   0.0000e+00   0.0000e+00   0.0000e+00   0.0000e+00   1.4878e-06   1.4878e-06
675  12.098859   1.5575e-05   1.6144e-05   1.6144e-05   1.4433e-05   0.0000e+00   0.0000e+00   0.0000e+00   0.0000e+00   1.4766e-06   1.4766e-06
680  12.101688   1.5601e-05   1.6168e-05   1.6168e-05   1.4464e-05   0.0000e+00   0.0000e+00   0.0000e+00   0.0000e+00   1.4651e-06   1.4651e-06
685  12.104522   1.5627e-05   1.6191e-05   1.6191e-05   1.4495e-05   0.0000e+00   0.0000e+00   0.0000e+00   0.0000e+00   1.4532e-06   1.4532e-06
690  12.107362   1.5653e-05   1.6214e-05   1.6214e-05   1.4527e-05   0.0000e+00   0.0000e+00   0.0000e+00   0.0000e+00   1.4409e-06   1.4409e-06
695  12.110208   1.5679e-05   1.6237e-05   1.6237e-05   1.4558e-05   0.0000e+00   0.0000e+00   0.0000e+00   0.0000e+00   1.4284e-06   1.4284e-06
700  12.113059   1.5705e-05   1.6261e-05   1.6261e-05   1.4590e-05   0.0000e+00   0.0000e+00   0.0000e+00   0.0000e+00   1.4155e-06   1.4155e-06
705  12.115915   1.5730e-05   1.6284e-05   1.6284e-05   1.4622e-05   0.0000e+00   0.0000e+00   0.0000e+00   0.0000e+00   1.4022e-06   1.4022e-06
710  12.118776   1.5757e-05   1.6307e-05   1.6307e-05   1.4654e-05   0.0000e+00   0.0000e+00   0.0000e+00   0.0000e+00   1.3886e-06   1.3886e-06
715  12.121643   1.5783e-05   1.6330e-05   1.6330e-05   1.4686e-05   0.0000e+00   0.0000e+00   0.0000e+00   0.0000e+00   1.3747e-06   1.3747e-06
720  12.124516   1.5809e-05   1.6352e-05   1.6352e-05   1.4718e-05   0.0000e+00   0.0000e+00   0.0000e+00   0.0000e+00   1.3604e-06   1.3604e-06
725  12.127393   1.5835e-05   1.6375e-05   1.6375e-05   1.4751e-05   0.0000e+00   0.0000e+00   0.0000e+00   0.0000e+00   1.3457e-06   1.3457e-06
730  12.130277   1.5861e-05   1.6398e-05   1.6398e-05   1.4784e-05   0.0000e+00   0.0000e+00   0.0000e+00   0.0000e+00   1.3307e-06   1.3307e-06
735  12.133165   1.5887e-05   1.6421e-05   1.6421e-05   1.4817e-05   0.0000e+00   0.0000e+00   0.0000e+00   0.0000e+00   1.3153e-06   1.3153e-06
740  12.136059   1.5913e-05   1.6444e-05   1.6444e-05   1.4850e-05   0.0000e+00   0.0000e+00   0.0000e+00   0.0000e+00   1.2995e-06   1.2995e-06
745  12.138959   1.5940e-05   1.6467e-05   1.6467e-05   1.4883e-05   0.0000e+00   0.0000e+00   0.0000e+00   0.0000e+00   1.2834e-06   1.2834e-06
750  12.141864   1.5966e-05   1.6489e-05   1.6489e-05   1.4917e-05   0.0000e+00   0.0000e+00   0.0000e+00   0.0000e+00   1.2669e-06   1.2669e-06
755  12.144775   1.5992e-05   1.6512e-05   1.6512e-05   1.4951e-05   0.0000e+00   0.0000e+00   0.0000e+00   0.0000e+00   1.2500e-06   1.2500e-06
760  12.147691   1.6019e-05   1.6535e-05   1.6535e-05   1.4985e-05   0.0000e+00   0.0000e+00   0.0000e+00   0.0000e+00   1.2328e-06   1.2328e-06
765  12.150613   1.6045e-05   1.6557e-05   1.6557e-05   1.5019e-05   0.0000e+00   0.0000e+00   0.0000e+00   0.0000e+00   1.2152e-06   1.2152e-06
770  12.153540   1.6072e-05   1.6580e-05   1.6580e-05   1.5054e-05   0.0000e+00   0.0000e+00   0.0000e+00   0.0000e+00   1.1971e-06   1.1971e-06
775  12.156473   1.6099e-05   1.6603e-05   1.6603e-05   1.5088e-05   0.0000e+00   0.0000e+00   0.0000e+00   0.0000e+00   1.1787e-06   1.1787e-06
780  12.159411   1.6125e-05   1.6625e-05   1.6625e-05   1.5123e-05   0.0000e+00   0.0000e+00   0.0000e+00   0.0000e+00   1.1599e-06   1.1599e-06
785  12.162355   1.6152e-05   1.6648e-05   1.6648e-05   1.5159e-05   0.0000e+00   0.0000e+00   0.0000e+00   0.0000e+00   1.1407e-06   1.1407e-06
790  12.165304   1.6179e-05   1.6670e-05   1.6670e-05   1.5194e-05   0.0000e+00   0.0000e+00   0.0000e+00   0.0000e+00   1.1211e-06   1.1211e-06
795  12.168259   1.6206e-05   1.6693e-05   1.6693e-05   1.5230e-05   0.0000e+00   0.0000e+00   0.0000e+00   0.0000e+00   1.1011e-06   1.1011e-06
800  12.171220   1.6233e-05   1.6715e-05   1.6715e-05   1.5266e-05   0.0000e+00   0.0000e+00   0.0000e+00   0.0000e+00   1.0807e-06   1.0807e-06
805  12.174187   1.6260e-05   1.6738e-05   1.6738e-05   1.5302e-05   0.0000e+00   0.0000e+00   0.0000e+00   0.0000e+00   1.0599e-06   1.0599e-06
810  12.177159   1.6287e-05   1.6760e-05   1.6760e-05   1.5339e-05   0.0000e+00   0.0000e+00   0.0000e+00   0.0000e+00   1.0386e-06   1.0386e-06
815  12.180137   1.6315e-05   1.6783e-05   1.6783e-05   1.5375e-05   0.0000e+00   0.0000e+00   0.0000e+00   0.0000e+00   1.0170e-06   1.0170e-06
820  12.183120   1.6342e-05   1.6805e-05   1.6805e-05   1.5413e-05   0.0000e+00   0.0000e+00   0.0000e+00   0.0000e+00   9.9488e-07   9.9488e-07
825  12.186110   1.6369e-05   1.6828e-05   1.6828e-05   1.5450e-05   0.0000e+00   0.0000e+00   0.0000e+00   0.0000e+00   9.7236e-07   9.7236e-07
830  12.189105   1.6397e-05   1.6851e-05   1.6851e-05   1.5487e-05   0.0000e+00   0.0000e+00   0.0000e+00   0.0000e+00   9.4941e-07   9.4941e-07
835  12.192106   1.6425e-05   1.6873e-05   1.6873e-05   1.5525e-05   0.0000e+00   0.0000e+00   0.0000e+00   0.0000e+00   9.2603e-07   9.2603e-07
840  12.195112   1.6452e-05   1.6895e-05   1.6895e-05   1.5563e-05   0.0000e+00   0.0000e+00   0.0000e+00   0.0000e+00   9.0218e-07   9.0218e-07
845  12.198125   1.6479e-05   1.6917e-05   1.6917e-05   1.5601e-05   0.0000e+00   0.0000e+00   0.0000e+00   0.0000e+00   8.7785e-07   8.7785e-07
850  12.201142   1.6504e-05   1.6936e-05   1.6936e-05   1.5637e-05   0.0000e+00   0.0000e+00   0.0000e+00   0.0000e+00   8.5299e-07   8.5299e-07
855  12.204165   1.6527e-05   1.6954e-05   1.6954e-05   1.5671e-05   0.0000e+00   0.0000e+00   0.0000e+00   0.0000e+00   8.2781e-07   8.2781e-07
860  12.207193   1.6548e-05   1.6970e-05   1.6970e-05   1.5704e-05   0.0000e+00   0.0000e+00   0.0000e+00   0.0000e+00   8.0257e-07   8.0257e-07
865  12.210226   1.6569e-05   1.6985e-05   1.6985e-05   1.5736e-05   0.0000e+00   0.0000e+00   0.0000e+00   0.0000e+00   7.7733e-07   7.7733e-07
870  12.213263   1.6590e-05   1.6999e-05   1.6999e-05   1.5768e-05   0.0000e+00   0.0000e+00   0.0000e+00   0.0000e+00   7.5211e-07   7.5211e-07
875  12.216304   1.6610e-05   1.7014e-05   1.7014e-05   1.5800e-05   0.0000e+00   0.0000e+00   0.0000e+00   0.0000e+00   7.2693e-07   7.2693e-07
880  12.219350   1.6630e-05   1.7029e-05   1.7029e-05   1.5831e-05   0.0000e+00   0.0000e+00   0.0000e+00   0.0000e+00   7.0180e-07   7.0180e-07
885  12.222400   1.6651e-05   1.7044e-05   1.7044e-05   1.5863e-05   0.0000e+00   0.0000e+00   0.0000e+00   0.0000e+00   6.7672e-07   6.7672e-07
890  12.225455   1.6671e-05   1.7058e-05   1.7058e-05   1.5895e-05   0.0000e+00   0.0000e+00   0.0000e+00   0.0000e+00   6.5168e-07   6.5168e-07
895  12.228515   1.6692e-05   1.7073e-05   1.7073e-05   1.5927e-05   0.0000e+00   0.0000e+00   0.0000e+00   0.0000e+00   6.2668e-07   6.2668e-07
900  12.231579   1.6713e-05   1.7088e-05   1.7088e-05   1.5959e-05   0.0000e+00   0.0000e+00   0.0000e+00   0.0000e+00   6.0174e-07   6.0174e-07
905  12.234647   1.6733e-05   1.7103e-05   1.7103e-05   1.5992e-05   0.0000e+00   0.0000e+00   0.0000e+00   0.0000e+00   5.7684e-07   5.7684e-07
910  12.237721   1.6754e-05   1.7118e-05   1.7118e-05   1.6024e-05   0.0000e+00   0.0000e+00   0.0000e+00   0.0000e+00   5.5199e-07   5.5199e-07
915  12.240798   1.6775e-05   1.7133e-05   1.7133e-05   1.6056e-05   0.0000e+00   0.0000e+00   0.0000e+00   0.0000e+00   5.2719e-07   5.2719e-07
920  12.243881   1.6796e-05   1.7148e-05   1.7148e-05   1.6088e-05   0.0000e+00   0.0000e+00   0.0000e+00   0.0000e+00   5.0245e-07   5.0245e-07
925  12.246968   1.6816e-05   1.7163e-05   1.7163e-05   1.6121e-05   0.0000e+00   0.0000e+00   0.0000e+00   0.0000e+00   4.7775e-07   4.7775e-07
930  12.250059   1.6837e-05   1.7179e-05   1.7179e-05   1.6153e-05   0.0000e+00   0.0000e+00   0.0000e+00   0.0000e+00   4.5311e-07   4.5311e-07
935  12.253155   1.6858e-05   1.7194e-05   1.7194e-05   1.6186e-05   0.0000e+00   0.0000e+00   0.0000e+00   0.0000e+00   4.2852e-07   4.2852e-07
940  12.256256   1.6880e-05   1.7209e-05   1.7209e-05   1.6218e-05   0.0000e+00   0.0000e+00   0.0000e+00   0.0000e+00   4.0399e-07   4.0399e-07
945  12.259362   1.6901e-05   1.7225e-05   1.7225e-05   1.6251e-05   0.0000e+00   0.0000e+00   0.0000e+00   0.0000e+00   3.7951e-07   3.7951e-07
950  12.262472   1.6922e-05   1.7240e-05   1.7240e-05   1.6284e-05   0.0000e+00   0.0000e+00   0.0000e+00   0.0000e+00   3.5508e-07   3.5508e-07
955  12.265587   1.6943e-05   1.7256e-05   1.7256e-05   1.6317e-05   0.0000e+00   0.0000e+00   0.0000e+00   0.0000e+00   3.3072e-07   3.3072e-07
960  12.268707   1.6965e-05   1.7271e-05   1.7271e-05   1.6350e-05   0.0000e+00   0.0000e+00   0.0000e+00   0.0000e+00   3.0641e-07   3.0641e-07
965  12.271831   1.6986e-05   1.7287e-05   1.7287e-05   1.6383e-05   0.0000e+00   0.0000e+00   0.0000e+00   0.0000e+00   2.8216e-07   2.8216e-07
970  12.274960   1.7007e-05   1.7303e-05   1.7303e-05   1.6416e-05   0.0000e+00   0.0000e+00   0.0000e+00   0.0000e+00   2.5797e-07   2.5797e-07
975  12.278094   1.7029e-05   1.7318e-05   1.7318e-05   1.6449e-05   0.0000e+00   0.0000e+00   0.0000e+00   0.0000e+00   2.3384e-07   2.3384e-07
980  12.281233   1.7051e-05   1.7334e-05   1.7334e-05   1.6482e-05   0.0000e+00   0.0000e+00   0.0000e+00   0.0000e+00   2.0977e-07   2.0977e-07
985  12.284376   1.7072e-05   1.7350e-05   1.7350e-05   1.6516e-05   0.0000e+00   0.0000e+00   0.0000e+00   0.0000e+00   1.8576e-07   1.8576e-07
990  12.287524   1.7094e-05   1.7366e-05   1.7366e-05   1.6549e-05   0.0000e+00   0.0000e+00   0.0000e+00   0.0000e+00   1.6181e-07   1.6181e-07
995  12.290678   1.7116e-05   1.7382e-05   1.7382e-05   1.6583e-05   0.0000e+00   0.0000e+00   0.0000e+00   0.0000e+00   1.3793e-07   1.3793e-07
1000  12.293835   1.7138e-05   1.7398e-05   1.7398e-05   1.6616e-05   0.0000e+00   0.0000e+00   0.0000e+00   0.0000e+00   1.1411e-07   1.1411e-07
