#T volume alpha alpha_xx alpha_yy alpha_zz alpha_yz alpha_zy alpha_xz alpha_zx alpha_xy alpha_yx
5  14.843826   5.5206e-09   5.9781e-09   5.4378e-09   5.1462e-09   0.0000e+00   0.0000e+00   0.0000e+00   0.0000e+00   0.0000e+00   0.0000e+00
10  14.843828   1.1672e-08   1.2639e-08   1.1497e-08   1.0880e-08   0.0000e+00   0.0000e+00   0.0000e+00   0.0000e+00   0.0000e+00   0.0000e+00
15  14.843833   3.7701e-08   4.0825e-08   3.7135e-08   3.5144e-08   0.0000e+00   0.0000e+00   0.0000e+00   0.0000e+00   0.0000e+00   0.0000e+00
20  14.843847   9.7133e-08   1.0518e-07   9.5676e-08   9.0546e-08   0.0000e+00   0.0000e+00   0.0000e+00   0.0000e+00   0.0000e+00   0.0000e+00
25  14.843880   2.1166e-07   2.2920e-07   2.0848e-07   1.9730e-07   0.0000e+00   0.0000e+00   0.0000e+00   0.0000e+00   0.0000e+00   0.0000e+00
30  14.843946   3.9275e-07   4.2531e-07   3.8686e-07   3.6612e-07   0.0000e+00   0.0000e+00   0.0000e+00   0.0000e+00   0.0000e+00   0.0000e+00
35  14.844060   6.4266e-07   6.9594e-07   6.3302e-07   5.9906e-07   0.0000e+00   0.0000e+00   0.0000e+00   0.0000e+00   0.0000e+00   0.0000e+00
40  14.844237   9.5660e-07   1.0359e-06   9.4225e-07   8.9169e-07   0.0000e+00   0.0000e+00   0.0000e+00   0.0000e+00   0.0000e+00   0.0000e+00
45  14.844491   1.3258e-06   1.4358e-06   1.3059e-06   1.2358e-06   0.0000e+00   0.0000e+00   0.0000e+00   0.0000e+00   0.0000e+00   0.0000e+00
50  14.844831   1.7395e-06   1.8839e-06   1.7134e-06   1.6214e-06   0.0000e+00   0.0000e+00   0.0000e+00   0.0000e+00   0.0000e+00   0.0000e+00
55  14.845268   2.1867e-06   2.3682e-06   2.1538e-06   2.0380e-06   0.0000e+00   0.0000e+00   0.0000e+00   0.0000e+00   0.0000e+00   0.0000e+00
60  14.845807   2.6566e-06   2.8774e-06   2.6167e-06   2.4759e-06   0.0000e+00   0.0000e+00   0.0000e+00   0.0000e+00   0.0000e+00   0.0000e+00
65  14.846452   3.1399e-06   3.4011e-06   3.0927e-06   2.9262e-06   0.0000e+00   0.0000e+00   0.0000e+00   0.0000e+00   0.0000e+00   0.0000e+00
70  14.847206   3.6285e-06   3.9306e-06   3.5739e-06   3.3812e-06   0.0000e+00   0.0000e+00   0.0000e+00   0.0000e+00   0.0000e+00   0.0000e+00
75  14.848068   4.1156e-06   4.4587e-06   4.0536e-06   3.8347e-06   0.0000e+00   0.0000e+00   0.0000e+00   0.0000e+00   0.0000e+00   0.0000e+00
80  14.849038   4.5959e-06   4.9796e-06   4.5266e-06   4.2818e-06   0.0000e+00   0.0000e+00   0.0000e+00   0.0000e+00   0.0000e+00   0.0000e+00
85  14.850114   5.0653e-06   5.4888e-06   4.9889e-06   4.7185e-06   0.0000e+00   0.0000e+00   0.0000e+00   0.0000e+00   0.0000e+00   0.0000e+00
90  14.851294   5.5208e-06   5.9831e-06   5.4374e-06   5.1422e-06   0.0000e+00   0.0000e+00   0.0000e+00   0.0000e+00   0.0000e+00   0.0000e+00
95  14.852573   5.9602e-06   6.4602e-06   5.8701e-06   5.5507e-06   0.0000e+00   0.0000e+00   0.0000e+00   0.0000e+00   0.0000e+00   0.0000e+00
100  14.853948   6.3821e-06   6.9185e-06   6.2856e-06   5.9428e-06   0.0000e+00   0.0000e+00   0.0000e+00   0.0000e+00   0.0000e+00   0.0000e+00
105  14.855416   6.7858e-06   7.3572e-06   6.6830e-06   6.3176e-06   0.0000e+00   0.0000e+00   0.0000e+00   0.0000e+00   0.0000e+00   0.0000e+00
110  14.856971   7.1708e-06   7.7758e-06   7.0621e-06   6.6749e-06   0.0000e+00   0.0000e+00   0.0000e+00   0.0000e+00   0.0000e+00   0.0000e+00
115  14.858610   7.5371e-06   8.1744e-06   7.4227e-06   7.0147e-06   0.0000e+00   0.0000e+00   0.0000e+00   0.0000e+00   0.0000e+00   0.0000e+00
120  14.860329   7.8850e-06   8.5532e-06   7.7653e-06   7.3371e-06   0.0000e+00   0.0000e+00   0.0000e+00   0.0000e+00   0.0000e+00   0.0000e+00
125  14.862124   8.2150e-06   8.9128e-06   8.0902e-06   7.6427e-06   0.0000e+00   0.0000e+00   0.0000e+00   0.0000e+00   0.0000e+00   0.0000e+00
130  14.863991   8.5277e-06   9.2538e-06   8.3980e-06   7.9320e-06   0.0000e+00   0.0000e+00   0.0000e+00   0.0000e+00   0.0000e+00   0.0000e+00
135  14.865926   8.8238e-06   9.5769e-06   8.6895e-06   8.2057e-06   0.0000e+00   0.0000e+00   0.0000e+00   0.0000e+00   0.0000e+00   0.0000e+00
140  14.867925   9.1040e-06   9.8829e-06   8.9653e-06   8.4645e-06   0.0000e+00   0.0000e+00   0.0000e+00   0.0000e+00   0.0000e+00   0.0000e+00
145  14.869985   9.3692e-06   1.0173e-05   9.2263e-06   8.7091e-06   0.0000e+00   0.0000e+00   0.0000e+00   0.0000e+00   0.0000e+00   0.0000e+00
150  14.872104   9.6200e-06   1.0447e-05   9.4733e-06   8.9403e-06   0.0000e+00   0.0000e+00   0.0000e+00   0.0000e+00   0.0000e+00   0.0000e+00
155  14.874276   9.8574e-06   1.0707e-05   9.7071e-06   9.1588e-06   0.0000e+00   0.0000e+00   0.0000e+00   0.0000e+00   0.0000e+00   0.0000e+00
160  14.876501   1.0082e-05   1.0953e-05   9.9283e-06   9.3653e-06   0.0000e+00   0.0000e+00   0.0000e+00   0.0000e+00   0.0000e+00   0.0000e+00
165  14.878775   1.0295e-05   1.1187e-05   1.0138e-05   9.5607e-06   0.0000e+00   0.0000e+00   0.0000e+00   0.0000e+00   0.0000e+00   0.0000e+00
170  14.881096   1.0496e-05   1.1408e-05   1.0336e-05   9.7454e-06   0.0000e+00   0.0000e+00   0.0000e+00   0.0000e+00   0.0000e+00   0.0000e+00
175  14.883460   1.0688e-05   1.1618e-05   1.0524e-05   9.9203e-06   0.0000e+00   0.0000e+00   0.0000e+00   0.0000e+00   0.0000e+00   0.0000e+00
180  14.885867   1.0869e-05   1.1818e-05   1.0703e-05   1.0086e-05   0.0000e+00   0.0000e+00   0.0000e+00   0.0000e+00   0.0000e+00   0.0000e+00
185  14.888313   1.1041e-05   1.2007e-05   1.0872e-05   1.0243e-05   0.0000e+00   0.0000e+00   0.0000e+00   0.0000e+00   0.0000e+00   0.0000e+00
190  14.890798   1.1204e-05   1.2187e-05   1.1033e-05   1.0392e-05   0.0000e+00   0.0000e+00   0.0000e+00   0.0000e+00   0.0000e+00   0.0000e+00
195  14.893318   1.1359e-05   1.2359e-05   1.1186e-05   1.0533e-05   0.0000e+00   0.0000e+00   0.0000e+00   0.0000e+00   0.0000e+00   0.0000e+00
200  14.895872   1.1507e-05   1.2522e-05   1.1332e-05   1.0667e-05   0.0000e+00   0.0000e+00   0.0000e+00   0.0000e+00   0.0000e+00   0.0000e+00
205  14.898459   1.1647e-05   1.2678e-05   1.1471e-05   1.0794e-05   0.0000e+00   0.0000e+00   0.0000e+00   0.0000e+00   0.0000e+00   0.0000e+00
210  14.901078   1.1781e-05   1.2826e-05   1.1603e-05   1.0915e-05   0.0000e+00   0.0000e+00   0.0000e+00   0.0000e+00   0.0000e+00   0.0000e+00
215  14.903726   1.1909e-05   1.2968e-05   1.1729e-05   1.1031e-05   0.0000e+00   0.0000e+00   0.0000e+00   0.0000e+00   0.0000e+00   0.0000e+00
220  14.906402   1.2031e-05   1.3103e-05   1.1849e-05   1.1140e-05   0.0000e+00   0.0000e+00   0.0000e+00   0.0000e+00   0.0000e+00   0.0000e+00
225  14.909105   1.2147e-05   1.3232e-05   1.1964e-05   1.1245e-05   0.0000e+00   0.0000e+00   0.0000e+00   0.0000e+00   0.0000e+00   0.0000e+00
230  14.911834   1.2258e-05   1.3356e-05   1.2074e-05   1.1345e-05   0.0000e+00   0.0000e+00   0.0000e+00   0.0000e+00   0.0000e+00   0.0000e+00
235  14.914589   1.2365e-05   1.3475e-05   1.2180e-05   1.1440e-05   0.0000e+00   0.0000e+00   0.0000e+00   0.0000e+00   0.0000e+00   0.0000e+00
240  14.917367   1.2467e-05   1.3589e-05   1.2281e-05   1.1531e-05   0.0000e+00   0.0000e+00   0.0000e+00   0.0000e+00   0.0000e+00   0.0000e+00
245  14.920167   1.2564e-05   1.3698e-05   1.2378e-05   1.1618e-05   0.0000e+00   0.0000e+00   0.0000e+00   0.0000e+00   0.0000e+00   0.0000e+00
250  14.922990   1.2658e-05   1.3803e-05   1.2471e-05   1.1702e-05   0.0000e+00   0.0000e+00   0.0000e+00   0.0000e+00   0.0000e+00   0.0000e+00
255  14.925834   1.2748e-05   1.3903e-05   1.2560e-05   1.1782e-05   0.0000e+00   0.0000e+00   0.0000e+00   0.0000e+00   0.0000e+00   0.0000e+00
260  14.928698   1.2835e-05   1.4000e-05   1.2646e-05   1.1858e-05   0.0000e+00   0.0000e+00   0.0000e+00   0.0000e+00   0.0000e+00   0.0000e+00
265  14.931582   1.2918e-05   1.4094e-05   1.2729e-05   1.1931e-05   0.0000e+00   0.0000e+00   0.0000e+00   0.0000e+00   0.0000e+00   0.0000e+00
270  14.934485   1.2998e-05   1.4184e-05   1.2809e-05   1.2002e-05   0.0000e+00   0.0000e+00   0.0000e+00   0.0000e+00   0.0000e+00   0.0000e+00
275  14.937405   1.3075e-05   1.4270e-05   1.2886e-05   1.2070e-05   0.0000e+00   0.0000e+00   0.0000e+00   0.0000e+00   0.0000e+00   0.0000e+00
280  14.940344   1.3150e-05   1.4354e-05   1.2960e-05   1.2135e-05   0.0000e+00   0.0000e+00   0.0000e+00   0.0000e+00   0.0000e+00   0.0000e+00
285  14.943299   1.3221e-05   1.4435e-05   1.3032e-05   1.2198e-05   0.0000e+00   0.0000e+00   0.0000e+00   0.0000e+00   0.0000e+00   0.0000e+00
290  14.946271   1.3291e-05   1.4513e-05   1.3102e-05   1.2258e-05   0.0000e+00   0.0000e+00   0.0000e+00   0.0000e+00   0.0000e+00   0.0000e+00
295  14.949258   1.3358e-05   1.4589e-05   1.3169e-05   1.2317e-05   0.0000e+00   0.0000e+00   0.0000e+00   0.0000e+00   0.0000e+00   0.0000e+00
300  14.952261   1.3423e-05   1.4662e-05   1.3235e-05   1.2373e-05   0.0000e+00   0.0000e+00   0.0000e+00   0.0000e+00   0.0000e+00   0.0000e+00
305  14.955279   1.3486e-05   1.4733e-05   1.3298e-05   1.2427e-05   0.0000e+00   0.0000e+00   0.0000e+00   0.0000e+00   0.0000e+00   0.0000e+00
310  14.958312   1.3547e-05   1.4802e-05   1.3360e-05   1.2480e-05   0.0000e+00   0.0000e+00   0.0000e+00   0.0000e+00   0.0000e+00   0.0000e+00
315  14.961358   1.3606e-05   1.4868e-05   1.3419e-05   1.2530e-05   0.0000e+00   0.0000e+00   0.0000e+00   0.0000e+00   0.0000e+00   0.0000e+00
320  14.964418   1.3663e-05   1.4933e-05   1.3478e-05   1.2580e-05   0.0000e+00   0.0000e+00   0.0000e+00   0.0000e+00   0.0000e+00   0.0000e+00
325  14.967492   1.3719e-05   1.4996e-05   1.3534e-05   1.2627e-05   0.0000e+00   0.0000e+00   0.0000e+00   0.0000e+00   0.0000e+00   0.0000e+00
330  14.970578   1.3773e-05   1.5057e-05   1.3590e-05   1.2673e-05   0.0000e+00   0.0000e+00   0.0000e+00   0.0000e+00   0.0000e+00   0.0000e+00
335  14.973678   1.3826e-05   1.5117e-05   1.3643e-05   1.2718e-05   0.0000e+00   0.0000e+00   0.0000e+00   0.0000e+00   0.0000e+00   0.0000e+00
340  14.976789   1.3877e-05   1.5175e-05   1.3696e-05   1.2762e-05   0.0000e+00   0.0000e+00   0.0000e+00   0.0000e+00   0.0000e+00   0.0000e+00
345  14.979913   1.3927e-05   1.5232e-05   1.3747e-05   1.2804e-05   0.0000e+00   0.0000e+00   0.0000e+00   0.0000e+00   0.0000e+00   0.0000e+00
350  14.983048   1.3976e-05   1.5287e-05   1.3798e-05   1.2845e-05   0.0000e+00   0.0000e+00   0.0000e+00   0.0000e+00   0.0000e+00   0.0000e+00
355  14.986195   1.4024e-05   1.5340e-05   1.3847e-05   1.2885e-05   0.0000e+00   0.0000e+00   0.0000e+00   0.0000e+00   0.0000e+00   0.0000e+00
360  14.989353   1.4070e-05   1.5393e-05   1.3895e-05   1.2924e-05   0.0000e+00   0.0000e+00   0.0000e+00   0.0000e+00   0.0000e+00   0.0000e+00
365  14.992522   1.4116e-05   1.5444e-05   1.3942e-05   1.2962e-05   0.0000e+00   0.0000e+00   0.0000e+00   0.0000e+00   0.0000e+00   0.0000e+00
370  14.995702   1.4160e-05   1.5494e-05   1.3988e-05   1.2999e-05   0.0000e+00   0.0000e+00   0.0000e+00   0.0000e+00   0.0000e+00   0.0000e+00
375  14.998892   1.4204e-05   1.5543e-05   1.4033e-05   1.3035e-05   0.0000e+00   0.0000e+00   0.0000e+00   0.0000e+00   0.0000e+00   0.0000e+00
380  15.002093   1.4246e-05   1.5591e-05   1.4078e-05   1.3070e-05   0.0000e+00   0.0000e+00   0.0000e+00   0.0000e+00   0.0000e+00   0.0000e+00
385  15.005304   1.4288e-05   1.5638e-05   1.4122e-05   1.3104e-05   0.0000e+00   0.0000e+00   0.0000e+00   0.0000e+00   0.0000e+00   0.0000e+00
390  15.008524   1.4329e-05   1.5683e-05   1.4165e-05   1.3138e-05   0.0000e+00   0.0000e+00   0.0000e+00   0.0000e+00   0.0000e+00   0.0000e+00
395  15.011755   1.4369e-05   1.5728e-05   1.4207e-05   1.3171e-05   0.0000e+00   0.0000e+00   0.0000e+00   0.0000e+00   0.0000e+00   0.0000e+00
400  15.014995   1.4408e-05   1.5772e-05   1.4249e-05   1.3203e-05   0.0000e+00   0.0000e+00   0.0000e+00   0.0000e+00   0.0000e+00   0.0000e+00
405  15.018245   1.4447e-05   1.5815e-05   1.4290e-05   1.3234e-05   0.0000e+00   0.0000e+00   0.0000e+00   0.0000e+00   0.0000e+00   0.0000e+00
410  15.021504   1.4484e-05   1.5858e-05   1.4330e-05   1.3265e-05   0.0000e+00   0.0000e+00   0.0000e+00   0.0000e+00   0.0000e+00   0.0000e+00
415  15.024772   1.4522e-05   1.5899e-05   1.4370e-05   1.3296e-05   0.0000e+00   0.0000e+00   0.0000e+00   0.0000e+00   0.0000e+00   0.0000e+00
420  15.028050   1.4558e-05   1.5940e-05   1.4410e-05   1.3325e-05   0.0000e+00   0.0000e+00   0.0000e+00   0.0000e+00   0.0000e+00   0.0000e+00
425  15.031336   1.4594e-05   1.5980e-05   1.4449e-05   1.3354e-05   0.0000e+00   0.0000e+00   0.0000e+00   0.0000e+00   0.0000e+00   0.0000e+00
430  15.034631   1.4630e-05   1.6019e-05   1.4487e-05   1.3383e-05   0.0000e+00   0.0000e+00   0.0000e+00   0.0000e+00   0.0000e+00   0.0000e+00
435  15.037934   1.4665e-05   1.6058e-05   1.4526e-05   1.3411e-05   0.0000e+00   0.0000e+00   0.0000e+00   0.0000e+00   0.0000e+00   0.0000e+00
440  15.041247   1.4699e-05   1.6096e-05   1.4563e-05   1.3439e-05   0.0000e+00   0.0000e+00   0.0000e+00   0.0000e+00   0.0000e+00   0.0000e+00
445  15.044567   1.4733e-05   1.6134e-05   1.4601e-05   1.3466e-05   0.0000e+00   0.0000e+00   0.0000e+00   0.0000e+00   0.0000e+00   0.0000e+00
450  15.047896   1.4767e-05   1.6171e-05   1.4638e-05   1.3493e-05   0.0000e+00   0.0000e+00   0.0000e+00   0.0000e+00   0.0000e+00   0.0000e+00
455  15.051234   1.4800e-05   1.6207e-05   1.4674e-05   1.3519e-05   0.0000e+00   0.0000e+00   0.0000e+00   0.0000e+00   0.0000e+00   0.0000e+00
460  15.054579   1.4833e-05   1.6243e-05   1.4711e-05   1.3545e-05   0.0000e+00   0.0000e+00   0.0000e+00   0.0000e+00   0.0000e+00   0.0000e+00
465  15.057933   1.4865e-05   1.6278e-05   1.4747e-05   1.3571e-05   0.0000e+00   0.0000e+00   0.0000e+00   0.0000e+00   0.0000e+00   0.0000e+00
470  15.061294   1.4897e-05   1.6312e-05   1.4783e-05   1.3596e-05   0.0000e+00   0.0000e+00   0.0000e+00   0.0000e+00   0.0000e+00   0.0000e+00
475  15.064664   1.4929e-05   1.6347e-05   1.4818e-05   1.3621e-05   0.0000e+00   0.0000e+00   0.0000e+00   0.0000e+00   0.0000e+00   0.0000e+00
480  15.068041   1.4960e-05   1.6380e-05   1.4853e-05   1.3646e-05   0.0000e+00   0.0000e+00   0.0000e+00   0.0000e+00   0.0000e+00   0.0000e+00
485  15.071426   1.4991e-05   1.6414e-05   1.4889e-05   1.3670e-05   0.0000e+00   0.0000e+00   0.0000e+00   0.0000e+00   0.0000e+00   0.0000e+00
490  15.074819   1.5022e-05   1.6447e-05   1.4923e-05   1.3695e-05   0.0000e+00   0.0000e+00   0.0000e+00   0.0000e+00   0.0000e+00   0.0000e+00
495  15.078220   1.5052e-05   1.6479e-05   1.4958e-05   1.3718e-05   0.0000e+00   0.0000e+00   0.0000e+00   0.0000e+00   0.0000e+00   0.0000e+00
500  15.081628   1.5082e-05   1.6511e-05   1.4993e-05   1.3742e-05   0.0000e+00   0.0000e+00   0.0000e+00   0.0000e+00   0.0000e+00   0.0000e+00
505  15.085044   1.5112e-05   1.6542e-05   1.5027e-05   1.3765e-05   0.0000e+00   0.0000e+00   0.0000e+00   0.0000e+00   0.0000e+00   0.0000e+00
510  15.088467   1.5141e-05   1.6574e-05   1.5061e-05   1.3788e-05   0.0000e+00   0.0000e+00   0.0000e+00   0.0000e+00   0.0000e+00   0.0000e+00
515  15.091897   1.5170e-05   1.6605e-05   1.5096e-05   1.3811e-05   0.0000e+00   0.0000e+00   0.0000e+00   0.0000e+00   0.0000e+00   0.0000e+00
520  15.095335   1.5200e-05   1.6635e-05   1.5130e-05   1.3834e-05   0.0000e+00   0.0000e+00   0.0000e+00   0.0000e+00   0.0000e+00   0.0000e+00
525  15.098781   1.5228e-05   1.6665e-05   1.5163e-05   1.3856e-05   0.0000e+00   0.0000e+00   0.0000e+00   0.0000e+00   0.0000e+00   0.0000e+00
530  15.102233   1.5257e-05   1.6695e-05   1.5197e-05   1.3878e-05   0.0000e+00   0.0000e+00   0.0000e+00   0.0000e+00   0.0000e+00   0.0000e+00
535  15.105693   1.5285e-05   1.6724e-05   1.5231e-05   1.3901e-05   0.0000e+00   0.0000e+00   0.0000e+00   0.0000e+00   0.0000e+00   0.0000e+00
540  15.109160   1.5314e-05   1.6753e-05   1.5265e-05   1.3922e-05   0.0000e+00   0.0000e+00   0.0000e+00   0.0000e+00   0.0000e+00   0.0000e+00
545  15.112634   1.5342e-05   1.6782e-05   1.5298e-05   1.3944e-05   0.0000e+00   0.0000e+00   0.0000e+00   0.0000e+00   0.0000e+00   0.0000e+00
550  15.116116   1.5370e-05   1.6811e-05   1.5332e-05   1.3966e-05   0.0000e+00   0.0000e+00   0.0000e+00   0.0000e+00   0.0000e+00   0.0000e+00
555  15.119604   1.5397e-05   1.6839e-05   1.5365e-05   1.3987e-05   0.0000e+00   0.0000e+00   0.0000e+00   0.0000e+00   0.0000e+00   0.0000e+00
560  15.123100   1.5425e-05   1.6867e-05   1.5399e-05   1.4009e-05   0.0000e+00   0.0000e+00   0.0000e+00   0.0000e+00   0.0000e+00   0.0000e+00
565  15.126602   1.5452e-05   1.6895e-05   1.5432e-05   1.4030e-05   0.0000e+00   0.0000e+00   0.0000e+00   0.0000e+00   0.0000e+00   0.0000e+00
570  15.130112   1.5480e-05   1.6922e-05   1.5466e-05   1.4051e-05   0.0000e+00   0.0000e+00   0.0000e+00   0.0000e+00   0.0000e+00   0.0000e+00
575  15.133629   1.5507e-05   1.6949e-05   1.5499e-05   1.4072e-05   0.0000e+00   0.0000e+00   0.0000e+00   0.0000e+00   0.0000e+00   0.0000e+00
580  15.137152   1.5534e-05   1.6976e-05   1.5533e-05   1.4093e-05   0.0000e+00   0.0000e+00   0.0000e+00   0.0000e+00   0.0000e+00   0.0000e+00
585  15.140683   1.5561e-05   1.7003e-05   1.5566e-05   1.4113e-05   0.0000e+00   0.0000e+00   0.0000e+00   0.0000e+00   0.0000e+00   0.0000e+00
590  15.144220   1.5588e-05   1.7029e-05   1.5600e-05   1.4134e-05   0.0000e+00   0.0000e+00   0.0000e+00   0.0000e+00   0.0000e+00   0.0000e+00
595  15.147765   1.5614e-05   1.7055e-05   1.5633e-05   1.4155e-05   0.0000e+00   0.0000e+00   0.0000e+00   0.0000e+00   0.0000e+00   0.0000e+00
600  15.151316   1.5641e-05   1.7081e-05   1.5667e-05   1.4175e-05   0.0000e+00   0.0000e+00   0.0000e+00   0.0000e+00   0.0000e+00   0.0000e+00
605  15.154874   1.5668e-05   1.7107e-05   1.5700e-05   1.4195e-05   0.0000e+00   0.0000e+00   0.0000e+00   0.0000e+00   0.0000e+00   0.0000e+00
610  15.158439   1.5694e-05   1.7132e-05   1.5734e-05   1.4216e-05   0.0000e+00   0.0000e+00   0.0000e+00   0.0000e+00   0.0000e+00   0.0000e+00
615  15.162011   1.5720e-05   1.7157e-05   1.5768e-05   1.4236e-05   0.0000e+00   0.0000e+00   0.0000e+00   0.0000e+00   0.0000e+00   0.0000e+00
620  15.165590   1.5747e-05   1.7182e-05   1.5801e-05   1.4256e-05   0.0000e+00   0.0000e+00   0.0000e+00   0.0000e+00   0.0000e+00   0.0000e+00
625  15.169175   1.5773e-05   1.7207e-05   1.5835e-05   1.4276e-05   0.0000e+00   0.0000e+00   0.0000e+00   0.0000e+00   0.0000e+00   0.0000e+00
630  15.172768   1.5799e-05   1.7232e-05   1.5869e-05   1.4297e-05   0.0000e+00   0.0000e+00   0.0000e+00   0.0000e+00   0.0000e+00   0.0000e+00
635  15.176367   1.5825e-05   1.7256e-05   1.5903e-05   1.4317e-05   0.0000e+00   0.0000e+00   0.0000e+00   0.0000e+00   0.0000e+00   0.0000e+00
640  15.179973   1.5852e-05   1.7280e-05   1.5937e-05   1.4337e-05   0.0000e+00   0.0000e+00   0.0000e+00   0.0000e+00   0.0000e+00   0.0000e+00
645  15.183586   1.5878e-05   1.7304e-05   1.5971e-05   1.4357e-05   0.0000e+00   0.0000e+00   0.0000e+00   0.0000e+00   0.0000e+00   0.0000e+00
650  15.187205   1.5904e-05   1.7328e-05   1.6005e-05   1.4377e-05   0.0000e+00   0.0000e+00   0.0000e+00   0.0000e+00   0.0000e+00   0.0000e+00
655  15.190832   1.5930e-05   1.7352e-05   1.6040e-05   1.4397e-05   0.0000e+00   0.0000e+00   0.0000e+00   0.0000e+00   0.0000e+00   0.0000e+00
660  15.194465   1.5956e-05   1.7375e-05   1.6074e-05   1.4417e-05   0.0000e+00   0.0000e+00   0.0000e+00   0.0000e+00   0.0000e+00   0.0000e+00
665  15.198105   1.5982e-05   1.7398e-05   1.6109e-05   1.4436e-05   0.0000e+00   0.0000e+00   0.0000e+00   0.0000e+00   0.0000e+00   0.0000e+00
670  15.201751   1.6007e-05   1.7422e-05   1.6143e-05   1.4456e-05   0.0000e+00   0.0000e+00   0.0000e+00   0.0000e+00   0.0000e+00   0.0000e+00
675  15.205405   1.6033e-05   1.7444e-05   1.6178e-05   1.4476e-05   0.0000e+00   0.0000e+00   0.0000e+00   0.0000e+00   0.0000e+00   0.0000e+00
680  15.209065   1.6059e-05   1.7467e-05   1.6213e-05   1.4496e-05   0.0000e+00   0.0000e+00   0.0000e+00   0.0000e+00   0.0000e+00   0.0000e+00
685  15.212732   1.6085e-05   1.7490e-05   1.6248e-05   1.4516e-05   0.0000e+00   0.0000e+00   0.0000e+00   0.0000e+00   0.0000e+00   0.0000e+00
690  15.216406   1.6111e-05   1.7512e-05   1.6283e-05   1.4536e-05   0.0000e+00   0.0000e+00   0.0000e+00   0.0000e+00   0.0000e+00   0.0000e+00
695  15.220087   1.6137e-05   1.7535e-05   1.6319e-05   1.4556e-05   0.0000e+00   0.0000e+00   0.0000e+00   0.0000e+00   0.0000e+00   0.0000e+00
700  15.223774   1.6163e-05   1.7557e-05   1.6354e-05   1.4576e-05   0.0000e+00   0.0000e+00   0.0000e+00   0.0000e+00   0.0000e+00   0.0000e+00
705  15.227468   1.6188e-05   1.7579e-05   1.6390e-05   1.4596e-05   0.0000e+00   0.0000e+00   0.0000e+00   0.0000e+00   0.0000e+00   0.0000e+00
710  15.231169   1.6214e-05   1.7600e-05   1.6426e-05   1.4616e-05   0.0000e+00   0.0000e+00   0.0000e+00   0.0000e+00   0.0000e+00   0.0000e+00
715  15.234877   1.6240e-05   1.7622e-05   1.6462e-05   1.4636e-05   0.0000e+00   0.0000e+00   0.0000e+00   0.0000e+00   0.0000e+00   0.0000e+00
720  15.238592   1.6266e-05   1.7643e-05   1.6498e-05   1.4655e-05   0.0000e+00   0.0000e+00   0.0000e+00   0.0000e+00   0.0000e+00   0.0000e+00
725  15.242313   1.6292e-05   1.7665e-05   1.6534e-05   1.4675e-05   0.0000e+00   0.0000e+00   0.0000e+00   0.0000e+00   0.0000e+00   0.0000e+00
730  15.246042   1.6318e-05   1.7686e-05   1.6571e-05   1.4695e-05   0.0000e+00   0.0000e+00   0.0000e+00   0.0000e+00   0.0000e+00   0.0000e+00
735  15.249777   1.6344e-05   1.7707e-05   1.6607e-05   1.4716e-05   0.0000e+00   0.0000e+00   0.0000e+00   0.0000e+00   0.0000e+00   0.0000e+00
740  15.253519   1.6370e-05   1.7728e-05   1.6644e-05   1.4736e-05   0.0000e+00   0.0000e+00   0.0000e+00   0.0000e+00   0.0000e+00   0.0000e+00
745  15.257268   1.6396e-05   1.7749e-05   1.6681e-05   1.4756e-05   0.0000e+00   0.0000e+00   0.0000e+00   0.0000e+00   0.0000e+00   0.0000e+00
750  15.261023   1.6422e-05   1.7769e-05   1.6718e-05   1.4776e-05   0.0000e+00   0.0000e+00   0.0000e+00   0.0000e+00   0.0000e+00   0.0000e+00
755  15.264786   1.6448e-05   1.7790e-05   1.6756e-05   1.4796e-05   0.0000e+00   0.0000e+00   0.0000e+00   0.0000e+00   0.0000e+00   0.0000e+00
760  15.268555   1.6474e-05   1.7810e-05   1.6793e-05   1.4816e-05   0.0000e+00   0.0000e+00   0.0000e+00   0.0000e+00   0.0000e+00   0.0000e+00
765  15.272332   1.6500e-05   1.7830e-05   1.6831e-05   1.4837e-05   0.0000e+00   0.0000e+00   0.0000e+00   0.0000e+00   0.0000e+00   0.0000e+00
770  15.276115   1.6526e-05   1.7850e-05   1.6869e-05   1.4857e-05   0.0000e+00   0.0000e+00   0.0000e+00   0.0000e+00   0.0000e+00   0.0000e+00
775  15.279905   1.6552e-05   1.7870e-05   1.6907e-05   1.4877e-05   0.0000e+00   0.0000e+00   0.0000e+00   0.0000e+00   0.0000e+00   0.0000e+00
780  15.283703   1.6578e-05   1.7890e-05   1.6946e-05   1.4898e-05   0.0000e+00   0.0000e+00   0.0000e+00   0.0000e+00   0.0000e+00   0.0000e+00
785  15.287507   1.6605e-05   1.7910e-05   1.6984e-05   1.4918e-05   0.0000e+00   0.0000e+00   0.0000e+00   0.0000e+00   0.0000e+00   0.0000e+00
790  15.291318   1.6631e-05   1.7929e-05   1.7023e-05   1.4939e-05   0.0000e+00   0.0000e+00   0.0000e+00   0.0000e+00   0.0000e+00   0.0000e+00
795  15.295136   1.6657e-05   1.7949e-05   1.7062e-05   1.4959e-05   0.0000e+00   0.0000e+00   0.0000e+00   0.0000e+00   0.0000e+00   0.0000e+00
800  15.298961   1.6684e-05   1.7968e-05   1.7102e-05   1.4980e-05   0.0000e+00   0.0000e+00   0.0000e+00   0.0000e+00   0.0000e+00   0.0000e+00
805  15.302793   1.6710e-05   1.7987e-05   1.7141e-05   1.5001e-05   0.0000e+00   0.0000e+00   0.0000e+00   0.0000e+00   0.0000e+00   0.0000e+00
810  15.306633   1.6737e-05   1.8006e-05   1.7181e-05   1.5022e-05   0.0000e+00   0.0000e+00   0.0000e+00   0.0000e+00   0.0000e+00   0.0000e+00
815  15.310479   1.6763e-05   1.8025e-05   1.7221e-05   1.5042e-05   0.0000e+00   0.0000e+00   0.0000e+00   0.0000e+00   0.0000e+00   0.0000e+00
820  15.314332   1.6790e-05   1.8044e-05   1.7262e-05   1.5063e-05   0.0000e+00   0.0000e+00   0.0000e+00   0.0000e+00   0.0000e+00   0.0000e+00
825  15.318193   1.6817e-05   1.8062e-05   1.7302e-05   1.5084e-05   0.0000e+00   0.0000e+00   0.0000e+00   0.0000e+00   0.0000e+00   0.0000e+00
830  15.322060   1.6843e-05   1.8081e-05   1.7343e-05   1.5106e-05   0.0000e+00   0.0000e+00   0.0000e+00   0.0000e+00   0.0000e+00   0.0000e+00
835  15.325935   1.6870e-05   1.8099e-05   1.7384e-05   1.5127e-05   0.0000e+00   0.0000e+00   0.0000e+00   0.0000e+00   0.0000e+00   0.0000e+00
840  15.329817   1.6897e-05   1.8117e-05   1.7425e-05   1.5148e-05   0.0000e+00   0.0000e+00   0.0000e+00   0.0000e+00   0.0000e+00   0.0000e+00
845  15.333706   1.6924e-05   1.8135e-05   1.7467e-05   1.5169e-05   0.0000e+00   0.0000e+00   0.0000e+00   0.0000e+00   0.0000e+00   0.0000e+00
850  15.337602   1.6951e-05   1.8153e-05   1.7509e-05   1.5191e-05   0.0000e+00   0.0000e+00   0.0000e+00   0.0000e+00   0.0000e+00   0.0000e+00
855  15.341506   1.6979e-05   1.8171e-05   1.7551e-05   1.5212e-05   0.0000e+00   0.0000e+00   0.0000e+00   0.0000e+00   0.0000e+00   0.0000e+00
860  15.345416   1.7006e-05   1.8189e-05   1.7593e-05   1.5234e-05   0.0000e+00   0.0000e+00   0.0000e+00   0.0000e+00   0.0000e+00   0.0000e+00
865  15.349335   1.7033e-05   1.8206e-05   1.7636e-05   1.5256e-05   0.0000e+00   0.0000e+00   0.0000e+00   0.0000e+00   0.0000e+00   0.0000e+00
870  15.353260   1.7060e-05   1.8224e-05   1.7679e-05   1.5277e-05   0.0000e+00   0.0000e+00   0.0000e+00   0.0000e+00   0.0000e+00   0.0000e+00
875  15.357193   1.7088e-05   1.8241e-05   1.7722e-05   1.5299e-05   0.0000e+00   0.0000e+00   0.0000e+00   0.0000e+00   0.0000e+00   0.0000e+00
880  15.361133   1.7116e-05   1.8258e-05   1.7766e-05   1.5321e-05   0.0000e+00   0.0000e+00   0.0000e+00   0.0000e+00   0.0000e+00   0.0000e+00
885  15.365080   1.7143e-05   1.8275e-05   1.7809e-05   1.5343e-05   0.0000e+00   0.0000e+00   0.0000e+00   0.0000e+00   0.0000e+00   0.0000e+00
890  15.369035   1.7171e-05   1.8292e-05   1.7854e-05   1.5365e-05   0.0000e+00   0.0000e+00   0.0000e+00   0.0000e+00   0.0000e+00   0.0000e+00
895  15.372997   1.7199e-05   1.8309e-05   1.7898e-05   1.5388e-05   0.0000e+00   0.0000e+00   0.0000e+00   0.0000e+00   0.0000e+00   0.0000e+00
900  15.376967   1.7227e-05   1.8326e-05   1.7943e-05   1.5410e-05   0.0000e+00   0.0000e+00   0.0000e+00   0.0000e+00   0.0000e+00   0.0000e+00
905  15.380944   1.7255e-05   1.8342e-05   1.7988e-05   1.5433e-05   0.0000e+00   0.0000e+00   0.0000e+00   0.0000e+00   0.0000e+00   0.0000e+00
910  15.384929   1.7283e-05   1.8359e-05   1.8033e-05   1.5455e-05   0.0000e+00   0.0000e+00   0.0000e+00   0.0000e+00   0.0000e+00   0.0000e+00
915  15.388921   1.7311e-05   1.8375e-05   1.8079e-05   1.5478e-05   0.0000e+00   0.0000e+00   0.0000e+00   0.0000e+00   0.0000e+00   0.0000e+00
920  15.392921   1.7339e-05   1.8391e-05   1.8125e-05   1.5501e-05   0.0000e+00   0.0000e+00   0.0000e+00   0.0000e+00   0.0000e+00   0.0000e+00
925  15.396928   1.7368e-05   1.8407e-05   1.8171e-05   1.5524e-05   0.0000e+00   0.0000e+00   0.0000e+00   0.0000e+00   0.0000e+00   0.0000e+00
930  15.400943   1.7396e-05   1.8423e-05   1.8218e-05   1.5547e-05   0.0000e+00   0.0000e+00   0.0000e+00   0.0000e+00   0.0000e+00   0.0000e+00
935  15.404966   1.7425e-05   1.8439e-05   1.8265e-05   1.5570e-05   0.0000e+00   0.0000e+00   0.0000e+00   0.0000e+00   0.0000e+00   0.0000e+00
940  15.408996   1.7454e-05   1.8455e-05   1.8312e-05   1.5593e-05   0.0000e+00   0.0000e+00   0.0000e+00   0.0000e+00   0.0000e+00   0.0000e+00
945  15.413034   1.7482e-05   1.8469e-05   1.8359e-05   1.5616e-05   0.0000e+00   0.0000e+00   0.0000e+00   0.0000e+00   0.0000e+00   0.0000e+00
950  15.417079   1.7508e-05   1.8482e-05   1.8404e-05   1.5637e-05   0.0000e+00   0.0000e+00   0.0000e+00   0.0000e+00   0.0000e+00   0.0000e+00
955  15.421132   1.7533e-05   1.8493e-05   1.8448e-05   1.5657e-05   0.0000e+00   0.0000e+00   0.0000e+00   0.0000e+00   0.0000e+00   0.0000e+00
960  15.425190   1.7555e-05   1.8501e-05   1.8489e-05   1.5674e-05   0.0000e+00   0.0000e+00   0.0000e+00   0.0000e+00   0.0000e+00   0.0000e+00
965  15.429255   1.7577e-05   1.8508e-05   1.8529e-05   1.5691e-05   0.0000e+00   0.0000e+00   0.0000e+00   0.0000e+00   0.0000e+00   0.0000e+00
970  15.433326   1.7597e-05   1.8516e-05   1.8568e-05   1.5707e-05   0.0000e+00   0.0000e+00   0.0000e+00   0.0000e+00   0.0000e+00   0.0000e+00
975  15.437403   1.7618e-05   1.8523e-05   1.8607e-05   1.5723e-05   0.0000e+00   0.0000e+00   0.0000e+00   0.0000e+00   0.0000e+00   0.0000e+00
980  15.441486   1.7639e-05   1.8531e-05   1.8647e-05   1.5739e-05   0.0000e+00   0.0000e+00   0.0000e+00   0.0000e+00   0.0000e+00   0.0000e+00
985  15.445574   1.7660e-05   1.8538e-05   1.8686e-05   1.5755e-05   0.0000e+00   0.0000e+00   0.0000e+00   0.0000e+00   0.0000e+00   0.0000e+00
990  15.449669   1.7681e-05   1.8546e-05   1.8725e-05   1.5771e-05   0.0000e+00   0.0000e+00   0.0000e+00   0.0000e+00   0.0000e+00   0.0000e+00
995  15.453769   1.7702e-05   1.8554e-05   1.8764e-05   1.5787e-05   0.0000e+00   0.0000e+00   0.0000e+00   0.0000e+00   0.0000e+00   0.0000e+00
1000  15.457876   1.7723e-05   1.8563e-05   1.8803e-05   1.5803e-05   0.0000e+00   0.0000e+00   0.0000e+00   0.0000e+00   0.0000e+00   0.0000e+00
1005  15.461988   1.7745e-05   1.8572e-05   1.8842e-05   1.5819e-05   0.0000e+00   0.0000e+00   0.0000e+00   0.0000e+00   0.0000e+00   0.0000e+00
1010  15.466107   1.7766e-05   1.8580e-05   1.8881e-05   1.5835e-05   0.0000e+00   0.0000e+00   0.0000e+00   0.0000e+00   0.0000e+00   0.0000e+00
1015  15.470231   1.7787e-05   1.8590e-05   1.8920e-05   1.5851e-05   0.0000e+00   0.0000e+00   0.0000e+00   0.0000e+00   0.0000e+00   0.0000e+00
1020  15.474362   1.7808e-05   1.8599e-05   1.8958e-05   1.5866e-05   0.0000e+00   0.0000e+00   0.0000e+00   0.0000e+00   0.0000e+00   0.0000e+00
1025  15.478499   1.7830e-05   1.8608e-05   1.8997e-05   1.5882e-05   0.0000e+00   0.0000e+00   0.0000e+00   0.0000e+00   0.0000e+00   0.0000e+00
1030  15.482641   1.7851e-05   1.8618e-05   1.9036e-05   1.5898e-05   0.0000e+00   0.0000e+00   0.0000e+00   0.0000e+00   0.0000e+00   0.0000e+00
1035  15.486790   1.7873e-05   1.8628e-05   1.9075e-05   1.5914e-05   0.0000e+00   0.0000e+00   0.0000e+00   0.0000e+00   0.0000e+00   0.0000e+00
1040  15.490945   1.7894e-05   1.8639e-05   1.9113e-05   1.5930e-05   0.0000e+00   0.0000e+00   0.0000e+00   0.0000e+00   0.0000e+00   0.0000e+00
1045  15.495106   1.7916e-05   1.8649e-05   1.9152e-05   1.5945e-05   0.0000e+00   0.0000e+00   0.0000e+00   0.0000e+00   0.0000e+00   0.0000e+00
1050  15.499274   1.7938e-05   1.8660e-05   1.9190e-05   1.5961e-05   0.0000e+00   0.0000e+00   0.0000e+00   0.0000e+00   0.0000e+00   0.0000e+00
1055  15.503447   1.7960e-05   1.8671e-05   1.9229e-05   1.5977e-05   0.0000e+00   0.0000e+00   0.0000e+00   0.0000e+00   0.0000e+00   0.0000e+00
1060  15.507627   1.7981e-05   1.8683e-05   1.9267e-05   1.5993e-05   0.0000e+00   0.0000e+00   0.0000e+00   0.0000e+00   0.0000e+00   0.0000e+00
1065  15.511812   1.8003e-05   1.8694e-05   1.9306e-05   1.6008e-05   0.0000e+00   0.0000e+00   0.0000e+00   0.0000e+00   0.0000e+00   0.0000e+00
1070  15.516005   1.8025e-05   1.8706e-05   1.9344e-05   1.6024e-05   0.0000e+00   0.0000e+00   0.0000e+00   0.0000e+00   0.0000e+00   0.0000e+00
1075  15.520203   1.8047e-05   1.8718e-05   1.9382e-05   1.6040e-05   0.0000e+00   0.0000e+00   0.0000e+00   0.0000e+00   0.0000e+00   0.0000e+00
1080  15.524407   1.8069e-05   1.8731e-05   1.9420e-05   1.6055e-05   0.0000e+00   0.0000e+00   0.0000e+00   0.0000e+00   0.0000e+00   0.0000e+00
1085  15.528618   1.8092e-05   1.8744e-05   1.9458e-05   1.6071e-05   0.0000e+00   0.0000e+00   0.0000e+00   0.0000e+00   0.0000e+00   0.0000e+00
1090  15.532836   1.8114e-05   1.8756e-05   1.9497e-05   1.6087e-05   0.0000e+00   0.0000e+00   0.0000e+00   0.0000e+00   0.0000e+00   0.0000e+00
1095  15.537059   1.8136e-05   1.8770e-05   1.9535e-05   1.6102e-05   0.0000e+00   0.0000e+00   0.0000e+00   0.0000e+00   0.0000e+00   0.0000e+00
1100  15.541289   1.8158e-05   1.8783e-05   1.9573e-05   1.6118e-05   0.0000e+00   0.0000e+00   0.0000e+00   0.0000e+00   0.0000e+00   0.0000e+00
1105  15.545525   1.8181e-05   1.8797e-05   1.9611e-05   1.6133e-05   0.0000e+00   0.0000e+00   0.0000e+00   0.0000e+00   0.0000e+00   0.0000e+00
1110  15.549768   1.8203e-05   1.8811e-05   1.9648e-05   1.6149e-05   0.0000e+00   0.0000e+00   0.0000e+00   0.0000e+00   0.0000e+00   0.0000e+00
1115  15.554017   1.8226e-05   1.8826e-05   1.9686e-05   1.6164e-05   0.0000e+00   0.0000e+00   0.0000e+00   0.0000e+00   0.0000e+00   0.0000e+00
1120  15.558273   1.8249e-05   1.8840e-05   1.9724e-05   1.6180e-05   0.0000e+00   0.0000e+00   0.0000e+00   0.0000e+00   0.0000e+00   0.0000e+00
1125  15.562535   1.8271e-05   1.8855e-05   1.9762e-05   1.6195e-05   0.0000e+00   0.0000e+00   0.0000e+00   0.0000e+00   0.0000e+00   0.0000e+00
1130  15.566803   1.8294e-05   1.8871e-05   1.9799e-05   1.6211e-05   0.0000e+00   0.0000e+00   0.0000e+00   0.0000e+00   0.0000e+00   0.0000e+00
1135  15.571078   1.8317e-05   1.8886e-05   1.9837e-05   1.6226e-05   0.0000e+00   0.0000e+00   0.0000e+00   0.0000e+00   0.0000e+00   0.0000e+00
1140  15.575360   1.8340e-05   1.8902e-05   1.9875e-05   1.6242e-05   0.0000e+00   0.0000e+00   0.0000e+00   0.0000e+00   0.0000e+00   0.0000e+00
1145  15.579648   1.8363e-05   1.8919e-05   1.9912e-05   1.6257e-05   0.0000e+00   0.0000e+00   0.0000e+00   0.0000e+00   0.0000e+00   0.0000e+00
1150  15.583942   1.8386e-05   1.8935e-05   1.9950e-05   1.6273e-05   0.0000e+00   0.0000e+00   0.0000e+00   0.0000e+00   0.0000e+00   0.0000e+00
1155  15.588244   1.8410e-05   1.8952e-05   1.9987e-05   1.6288e-05   0.0000e+00   0.0000e+00   0.0000e+00   0.0000e+00   0.0000e+00   0.0000e+00
1160  15.592552   1.8433e-05   1.8969e-05   2.0024e-05   1.6304e-05   0.0000e+00   0.0000e+00   0.0000e+00   0.0000e+00   0.0000e+00   0.0000e+00
1165  15.596866   1.8456e-05   1.8987e-05   2.0062e-05   1.6319e-05   0.0000e+00   0.0000e+00   0.0000e+00   0.0000e+00   0.0000e+00   0.0000e+00
1170  15.601187   1.8480e-05   1.9004e-05   2.0099e-05   1.6334e-05   0.0000e+00   0.0000e+00   0.0000e+00   0.0000e+00   0.0000e+00   0.0000e+00
1175  15.605515   1.8503e-05   1.9023e-05   2.0136e-05   1.6350e-05   0.0000e+00   0.0000e+00   0.0000e+00   0.0000e+00   0.0000e+00   0.0000e+00
1180  15.609850   1.8527e-05   1.9041e-05   2.0173e-05   1.6365e-05   0.0000e+00   0.0000e+00   0.0000e+00   0.0000e+00   0.0000e+00   0.0000e+00
1185  15.614191   1.8551e-05   1.9060e-05   2.0210e-05   1.6380e-05   0.0000e+00   0.0000e+00   0.0000e+00   0.0000e+00   0.0000e+00   0.0000e+00
1190  15.618540   1.8574e-05   1.9079e-05   2.0247e-05   1.6396e-05   0.0000e+00   0.0000e+00   0.0000e+00   0.0000e+00   0.0000e+00   0.0000e+00
1195  15.622895   1.8598e-05   1.9099e-05   2.0284e-05   1.6411e-05   0.0000e+00   0.0000e+00   0.0000e+00   0.0000e+00   0.0000e+00   0.0000e+00
1200  15.627256   1.8622e-05   1.9118e-05   2.0321e-05   1.6426e-05   0.0000e+00   0.0000e+00   0.0000e+00   0.0000e+00   0.0000e+00   0.0000e+00
1205  15.631625   1.8647e-05   1.9139e-05   2.0358e-05   1.6442e-05   0.0000e+00   0.0000e+00   0.0000e+00   0.0000e+00   0.0000e+00   0.0000e+00
1210  15.636001   1.8671e-05   1.9159e-05   2.0395e-05   1.6457e-05   0.0000e+00   0.0000e+00   0.0000e+00   0.0000e+00   0.0000e+00   0.0000e+00
1215  15.640383   1.8695e-05   1.9180e-05   2.0431e-05   1.6472e-05   0.0000e+00   0.0000e+00   0.0000e+00   0.0000e+00   0.0000e+00   0.0000e+00
1220  15.644773   1.8719e-05   1.9201e-05   2.0468e-05   1.6487e-05   0.0000e+00   0.0000e+00   0.0000e+00   0.0000e+00   0.0000e+00   0.0000e+00
1225  15.649169   1.8744e-05   1.9223e-05   2.0504e-05   1.6503e-05   0.0000e+00   0.0000e+00   0.0000e+00   0.0000e+00   0.0000e+00   0.0000e+00
1230  15.653572   1.8768e-05   1.9245e-05   2.0541e-05   1.6518e-05   0.0000e+00   0.0000e+00   0.0000e+00   0.0000e+00   0.0000e+00   0.0000e+00
1235  15.657983   1.8793e-05   1.9267e-05   2.0577e-05   1.6533e-05   0.0000e+00   0.0000e+00   0.0000e+00   0.0000e+00   0.0000e+00   0.0000e+00
1240  15.662400   1.8818e-05   1.9290e-05   2.0614e-05   1.6548e-05   0.0000e+00   0.0000e+00   0.0000e+00   0.0000e+00   0.0000e+00   0.0000e+00
1245  15.666825   1.8843e-05   1.9313e-05   2.0650e-05   1.6564e-05   0.0000e+00   0.0000e+00   0.0000e+00   0.0000e+00   0.0000e+00   0.0000e+00
1250  15.671256   1.8868e-05   1.9337e-05   2.0686e-05   1.6579e-05   0.0000e+00   0.0000e+00   0.0000e+00   0.0000e+00   0.0000e+00   0.0000e+00
1255  15.675695   1.8893e-05   1.9361e-05   2.0722e-05   1.6594e-05   0.0000e+00   0.0000e+00   0.0000e+00   0.0000e+00   0.0000e+00   0.0000e+00
1260  15.680141   1.8918e-05   1.9385e-05   2.0759e-05   1.6609e-05   0.0000e+00   0.0000e+00   0.0000e+00   0.0000e+00   0.0000e+00   0.0000e+00
1265  15.684594   1.8943e-05   1.9410e-05   2.0795e-05   1.6624e-05   0.0000e+00   0.0000e+00   0.0000e+00   0.0000e+00   0.0000e+00   0.0000e+00
1270  15.689055   1.8969e-05   1.9435e-05   2.0831e-05   1.6639e-05   0.0000e+00   0.0000e+00   0.0000e+00   0.0000e+00   0.0000e+00   0.0000e+00
1275  15.693522   1.8994e-05   1.9460e-05   2.0866e-05   1.6654e-05   0.0000e+00   0.0000e+00   0.0000e+00   0.0000e+00   0.0000e+00   0.0000e+00
1280  15.697997   1.9020e-05   1.9486e-05   2.0902e-05   1.6670e-05   0.0000e+00   0.0000e+00   0.0000e+00   0.0000e+00   0.0000e+00   0.0000e+00
1285  15.702479   1.9045e-05   1.9512e-05   2.0938e-05   1.6685e-05   0.0000e+00   0.0000e+00   0.0000e+00   0.0000e+00   0.0000e+00   0.0000e+00
1290  15.706969   1.9071e-05   1.9539e-05   2.0974e-05   1.6700e-05   0.0000e+00   0.0000e+00   0.0000e+00   0.0000e+00   0.0000e+00   0.0000e+00
1295  15.711466   1.9097e-05   1.9566e-05   2.1009e-05   1.6715e-05   0.0000e+00   0.0000e+00   0.0000e+00   0.0000e+00   0.0000e+00   0.0000e+00
1300  15.715970   1.9123e-05   1.9593e-05   2.1045e-05   1.6730e-05   0.0000e+00   0.0000e+00   0.0000e+00   0.0000e+00   0.0000e+00   0.0000e+00
1305  15.720482   1.9149e-05   1.9621e-05   2.1080e-05   1.6745e-05   0.0000e+00   0.0000e+00   0.0000e+00   0.0000e+00   0.0000e+00   0.0000e+00
1310  15.725001   1.9175e-05   1.9650e-05   2.1116e-05   1.6760e-05   0.0000e+00   0.0000e+00   0.0000e+00   0.0000e+00   0.0000e+00   0.0000e+00
1315  15.729528   1.9202e-05   1.9678e-05   2.1151e-05   1.6775e-05   0.0000e+00   0.0000e+00   0.0000e+00   0.0000e+00   0.0000e+00   0.0000e+00
1320  15.734062   1.9228e-05   1.9708e-05   2.1186e-05   1.6790e-05   0.0000e+00   0.0000e+00   0.0000e+00   0.0000e+00   0.0000e+00   0.0000e+00
1325  15.738604   1.9255e-05   1.9737e-05   2.1222e-05   1.6805e-05   0.0000e+00   0.0000e+00   0.0000e+00   0.0000e+00   0.0000e+00   0.0000e+00
1330  15.743154   1.9282e-05   1.9767e-05   2.1257e-05   1.6820e-05   0.0000e+00   0.0000e+00   0.0000e+00   0.0000e+00   0.0000e+00   0.0000e+00
1335  15.747711   1.9308e-05   1.9798e-05   2.1292e-05   1.6835e-05   0.0000e+00   0.0000e+00   0.0000e+00   0.0000e+00   0.0000e+00   0.0000e+00
1340  15.752275   1.9335e-05   1.9829e-05   2.1327e-05   1.6850e-05   0.0000e+00   0.0000e+00   0.0000e+00   0.0000e+00   0.0000e+00   0.0000e+00
1345  15.756848   1.9362e-05   1.9860e-05   2.1361e-05   1.6865e-05   0.0000e+00   0.0000e+00   0.0000e+00   0.0000e+00   0.0000e+00   0.0000e+00
1350  15.761428   1.9390e-05   1.9892e-05   2.1396e-05   1.6880e-05   0.0000e+00   0.0000e+00   0.0000e+00   0.0000e+00   0.0000e+00   0.0000e+00
1355  15.766016   1.9417e-05   1.9925e-05   2.1431e-05   1.6895e-05   0.0000e+00   0.0000e+00   0.0000e+00   0.0000e+00   0.0000e+00   0.0000e+00
1360  15.770612   1.9444e-05   1.9957e-05   2.1466e-05   1.6910e-05   0.0000e+00   0.0000e+00   0.0000e+00   0.0000e+00   0.0000e+00   0.0000e+00
1365  15.775216   1.9472e-05   1.9991e-05   2.1500e-05   1.6924e-05   0.0000e+00   0.0000e+00   0.0000e+00   0.0000e+00   0.0000e+00   0.0000e+00
1370  15.779827   1.9500e-05   2.0024e-05   2.1535e-05   1.6939e-05   0.0000e+00   0.0000e+00   0.0000e+00   0.0000e+00   0.0000e+00   0.0000e+00
1375  15.784447   1.9528e-05   2.0059e-05   2.1569e-05   1.6954e-05   0.0000e+00   0.0000e+00   0.0000e+00   0.0000e+00   0.0000e+00   0.0000e+00
1380  15.789074   1.9555e-05   2.0094e-05   2.1603e-05   1.6969e-05   0.0000e+00   0.0000e+00   0.0000e+00   0.0000e+00   0.0000e+00   0.0000e+00
1385  15.793710   1.9584e-05   2.0129e-05   2.1637e-05   1.6984e-05   0.0000e+00   0.0000e+00   0.0000e+00   0.0000e+00   0.0000e+00   0.0000e+00
1390  15.798353   1.9612e-05   2.0164e-05   2.1671e-05   1.6999e-05   0.0000e+00   0.0000e+00   0.0000e+00   0.0000e+00   0.0000e+00   0.0000e+00
1395  15.803005   1.9640e-05   2.0201e-05   2.1706e-05   1.7014e-05   0.0000e+00   0.0000e+00   0.0000e+00   0.0000e+00   0.0000e+00   0.0000e+00
1400  15.807664   1.9669e-05   2.0237e-05   2.1739e-05   1.7028e-05   0.0000e+00   0.0000e+00   0.0000e+00   0.0000e+00   0.0000e+00   0.0000e+00
1405  15.812332   1.9697e-05   2.0275e-05   2.1773e-05   1.7043e-05   0.0000e+00   0.0000e+00   0.0000e+00   0.0000e+00   0.0000e+00   0.0000e+00
1410  15.817008   1.9726e-05   2.0313e-05   2.1807e-05   1.7058e-05   0.0000e+00   0.0000e+00   0.0000e+00   0.0000e+00   0.0000e+00   0.0000e+00
1415  15.821692   1.9755e-05   2.0351e-05   2.1841e-05   1.7073e-05   0.0000e+00   0.0000e+00   0.0000e+00   0.0000e+00   0.0000e+00   0.0000e+00
1420  15.826385   1.9784e-05   2.0390e-05   2.1874e-05   1.7087e-05   0.0000e+00   0.0000e+00   0.0000e+00   0.0000e+00   0.0000e+00   0.0000e+00
1425  15.831086   1.9813e-05   2.0429e-05   2.1908e-05   1.7102e-05   0.0000e+00   0.0000e+00   0.0000e+00   0.0000e+00   0.0000e+00   0.0000e+00
1430  15.835795   1.9842e-05   2.0469e-05   2.1941e-05   1.7117e-05   0.0000e+00   0.0000e+00   0.0000e+00   0.0000e+00   0.0000e+00   0.0000e+00
1435  15.840512   1.9872e-05   2.0509e-05   2.1974e-05   1.7132e-05   0.0000e+00   0.0000e+00   0.0000e+00   0.0000e+00   0.0000e+00   0.0000e+00
1440  15.845238   1.9901e-05   2.0550e-05   2.2007e-05   1.7146e-05   0.0000e+00   0.0000e+00   0.0000e+00   0.0000e+00   0.0000e+00   0.0000e+00
1445  15.849972   1.9931e-05   2.0592e-05   2.2041e-05   1.7161e-05   0.0000e+00   0.0000e+00   0.0000e+00   0.0000e+00   0.0000e+00   0.0000e+00
1450  15.854715   1.9961e-05   2.0634e-05   2.2073e-05   1.7176e-05   0.0000e+00   0.0000e+00   0.0000e+00   0.0000e+00   0.0000e+00   0.0000e+00
1455  15.859467   1.9991e-05   2.0677e-05   2.2106e-05   1.7190e-05   0.0000e+00   0.0000e+00   0.0000e+00   0.0000e+00   0.0000e+00   0.0000e+00
1460  15.864227   2.0021e-05   2.0720e-05   2.2139e-05   1.7205e-05   0.0000e+00   0.0000e+00   0.0000e+00   0.0000e+00   0.0000e+00   0.0000e+00
1465  15.868995   2.0052e-05   2.0764e-05   2.2172e-05   1.7220e-05   0.0000e+00   0.0000e+00   0.0000e+00   0.0000e+00   0.0000e+00   0.0000e+00
1470  15.873773   2.0082e-05   2.0808e-05   2.2204e-05   1.7234e-05   0.0000e+00   0.0000e+00   0.0000e+00   0.0000e+00   0.0000e+00   0.0000e+00
1475  15.878559   2.0113e-05   2.0853e-05   2.2237e-05   1.7249e-05   0.0000e+00   0.0000e+00   0.0000e+00   0.0000e+00   0.0000e+00   0.0000e+00
1480  15.883354   2.0144e-05   2.0898e-05   2.2269e-05   1.7263e-05   0.0000e+00   0.0000e+00   0.0000e+00   0.0000e+00   0.0000e+00   0.0000e+00
1485  15.888157   2.0174e-05   2.0945e-05   2.2301e-05   1.7278e-05   0.0000e+00   0.0000e+00   0.0000e+00   0.0000e+00   0.0000e+00   0.0000e+00
1490  15.892970   2.0206e-05   2.0991e-05   2.2333e-05   1.7292e-05   0.0000e+00   0.0000e+00   0.0000e+00   0.0000e+00   0.0000e+00   0.0000e+00
1495  15.897791   2.0237e-05   2.1039e-05   2.2365e-05   1.7307e-05   0.0000e+00   0.0000e+00   0.0000e+00   0.0000e+00   0.0000e+00   0.0000e+00
1500  15.902621   2.0268e-05   2.1087e-05   2.2397e-05   1.7321e-05   0.0000e+00   0.0000e+00   0.0000e+00   0.0000e+00   0.0000e+00   0.0000e+00
1505  15.907461   2.0300e-05   2.1135e-05   2.2429e-05   1.7336e-05   0.0000e+00   0.0000e+00   0.0000e+00   0.0000e+00   0.0000e+00   0.0000e+00
1510  15.912309   2.0332e-05   2.1185e-05   2.2461e-05   1.7350e-05   0.0000e+00   0.0000e+00   0.0000e+00   0.0000e+00   0.0000e+00   0.0000e+00
1515  15.917166   2.0364e-05   2.1234e-05   2.2492e-05   1.7365e-05   0.0000e+00   0.0000e+00   0.0000e+00   0.0000e+00   0.0000e+00   0.0000e+00
1520  15.922033   2.0396e-05   2.1285e-05   2.2524e-05   1.7379e-05   0.0000e+00   0.0000e+00   0.0000e+00   0.0000e+00   0.0000e+00   0.0000e+00
1525  15.926909   2.0428e-05   2.1336e-05   2.2555e-05   1.7394e-05   0.0000e+00   0.0000e+00   0.0000e+00   0.0000e+00   0.0000e+00   0.0000e+00
1530  15.931794   2.0460e-05   2.1388e-05   2.2586e-05   1.7408e-05   0.0000e+00   0.0000e+00   0.0000e+00   0.0000e+00   0.0000e+00   0.0000e+00
1535  15.936688   2.0493e-05   2.1440e-05   2.2617e-05   1.7422e-05   0.0000e+00   0.0000e+00   0.0000e+00   0.0000e+00   0.0000e+00   0.0000e+00
1540  15.941591   2.0526e-05   2.1494e-05   2.2648e-05   1.7437e-05   0.0000e+00   0.0000e+00   0.0000e+00   0.0000e+00   0.0000e+00   0.0000e+00
1545  15.946504   2.0559e-05   2.1547e-05   2.2679e-05   1.7451e-05   0.0000e+00   0.0000e+00   0.0000e+00   0.0000e+00   0.0000e+00   0.0000e+00
1550  15.951426   2.0592e-05   2.1602e-05   2.2710e-05   1.7465e-05   0.0000e+00   0.0000e+00   0.0000e+00   0.0000e+00   0.0000e+00   0.0000e+00
1555  15.956358   2.0625e-05   2.1657e-05   2.2740e-05   1.7480e-05   0.0000e+00   0.0000e+00   0.0000e+00   0.0000e+00   0.0000e+00   0.0000e+00
1560  15.961300   2.0659e-05   2.1713e-05   2.2771e-05   1.7494e-05   0.0000e+00   0.0000e+00   0.0000e+00   0.0000e+00   0.0000e+00   0.0000e+00
1565  15.966251   2.0692e-05   2.1770e-05   2.2801e-05   1.7508e-05   0.0000e+00   0.0000e+00   0.0000e+00   0.0000e+00   0.0000e+00   0.0000e+00
1570  15.971211   2.0726e-05   2.1827e-05   2.2831e-05   1.7523e-05   0.0000e+00   0.0000e+00   0.0000e+00   0.0000e+00   0.0000e+00   0.0000e+00
1575  15.976181   2.0760e-05   2.1885e-05   2.2861e-05   1.7537e-05   0.0000e+00   0.0000e+00   0.0000e+00   0.0000e+00   0.0000e+00   0.0000e+00
1580  15.981161   2.0795e-05   2.1944e-05   2.2891e-05   1.7551e-05   0.0000e+00   0.0000e+00   0.0000e+00   0.0000e+00   0.0000e+00   0.0000e+00
1585  15.986151   2.0829e-05   2.2003e-05   2.2920e-05   1.7565e-05   0.0000e+00   0.0000e+00   0.0000e+00   0.0000e+00   0.0000e+00   0.0000e+00
1590  15.991151   2.0864e-05   2.2063e-05   2.2950e-05   1.7579e-05   0.0000e+00   0.0000e+00   0.0000e+00   0.0000e+00   0.0000e+00   0.0000e+00
1595  15.996160   2.0898e-05   2.2124e-05   2.2979e-05   1.7593e-05   0.0000e+00   0.0000e+00   0.0000e+00   0.0000e+00   0.0000e+00   0.0000e+00
1600  16.001179   2.0934e-05   2.2186e-05   2.3009e-05   1.7607e-05   0.0000e+00   0.0000e+00   0.0000e+00   0.0000e+00   0.0000e+00   0.0000e+00
1605  16.006209   2.0969e-05   2.2249e-05   2.3038e-05   1.7622e-05   0.0000e+00   0.0000e+00   0.0000e+00   0.0000e+00   0.0000e+00   0.0000e+00
1610  16.011248   2.1004e-05   2.2312e-05   2.3067e-05   1.7636e-05   0.0000e+00   0.0000e+00   0.0000e+00   0.0000e+00   0.0000e+00   0.0000e+00
1615  16.016298   2.1040e-05   2.2376e-05   2.3096e-05   1.7650e-05   0.0000e+00   0.0000e+00   0.0000e+00   0.0000e+00   0.0000e+00   0.0000e+00
1620  16.021358   2.1076e-05   2.2441e-05   2.3124e-05   1.7664e-05   0.0000e+00   0.0000e+00   0.0000e+00   0.0000e+00   0.0000e+00   0.0000e+00
1625  16.026428   2.1112e-05   2.2507e-05   2.3153e-05   1.7678e-05   0.0000e+00   0.0000e+00   0.0000e+00   0.0000e+00   0.0000e+00   0.0000e+00
1630  16.031508   2.1148e-05   2.2573e-05   2.3181e-05   1.7692e-05   0.0000e+00   0.0000e+00   0.0000e+00   0.0000e+00   0.0000e+00   0.0000e+00
1635  16.036599   2.1184e-05   2.2640e-05   2.3209e-05   1.7706e-05   0.0000e+00   0.0000e+00   0.0000e+00   0.0000e+00   0.0000e+00   0.0000e+00
1640  16.041700   2.1221e-05   2.2708e-05   2.3237e-05   1.7719e-05   0.0000e+00   0.0000e+00   0.0000e+00   0.0000e+00   0.0000e+00   0.0000e+00
1645  16.046811   2.1258e-05   2.2777e-05   2.3265e-05   1.7733e-05   0.0000e+00   0.0000e+00   0.0000e+00   0.0000e+00   0.0000e+00   0.0000e+00
1650  16.051933   2.1295e-05   2.2847e-05   2.3293e-05   1.7747e-05   0.0000e+00   0.0000e+00   0.0000e+00   0.0000e+00   0.0000e+00   0.0000e+00
1655  16.057066   2.1332e-05   2.2918e-05   2.3321e-05   1.7761e-05   0.0000e+00   0.0000e+00   0.0000e+00   0.0000e+00   0.0000e+00   0.0000e+00
1660  16.062209   2.1370e-05   2.2989e-05   2.3348e-05   1.7775e-05   0.0000e+00   0.0000e+00   0.0000e+00   0.0000e+00   0.0000e+00   0.0000e+00
1665  16.067363   2.1407e-05   2.3062e-05   2.3375e-05   1.7789e-05   0.0000e+00   0.0000e+00   0.0000e+00   0.0000e+00   0.0000e+00   0.0000e+00
1670  16.072528   2.1445e-05   2.3135e-05   2.3402e-05   1.7802e-05   0.0000e+00   0.0000e+00   0.0000e+00   0.0000e+00   0.0000e+00   0.0000e+00
1675  16.077704   2.1484e-05   2.3209e-05   2.3429e-05   1.7816e-05   0.0000e+00   0.0000e+00   0.0000e+00   0.0000e+00   0.0000e+00   0.0000e+00
1680  16.082890   2.1522e-05   2.3284e-05   2.3456e-05   1.7830e-05   0.0000e+00   0.0000e+00   0.0000e+00   0.0000e+00   0.0000e+00   0.0000e+00
1685  16.088088   2.1561e-05   2.3360e-05   2.3482e-05   1.7843e-05   0.0000e+00   0.0000e+00   0.0000e+00   0.0000e+00   0.0000e+00   0.0000e+00
1690  16.093297   2.1600e-05   2.3437e-05   2.3508e-05   1.7857e-05   0.0000e+00   0.0000e+00   0.0000e+00   0.0000e+00   0.0000e+00   0.0000e+00
1695  16.098516   2.1639e-05   2.3515e-05   2.3534e-05   1.7871e-05   0.0000e+00   0.0000e+00   0.0000e+00   0.0000e+00   0.0000e+00   0.0000e+00
1700  16.103747   2.1678e-05   2.3594e-05   2.3560e-05   1.7884e-05   0.0000e+00   0.0000e+00   0.0000e+00   0.0000e+00   0.0000e+00   0.0000e+00
1705  16.108989   2.1718e-05   2.3673e-05   2.3586e-05   1.7898e-05   0.0000e+00   0.0000e+00   0.0000e+00   0.0000e+00   0.0000e+00   0.0000e+00
1710  16.114243   2.1758e-05   2.3754e-05   2.3611e-05   1.7911e-05   0.0000e+00   0.0000e+00   0.0000e+00   0.0000e+00   0.0000e+00   0.0000e+00
1715  16.119508   2.1798e-05   2.3836e-05   2.3637e-05   1.7925e-05   0.0000e+00   0.0000e+00   0.0000e+00   0.0000e+00   0.0000e+00   0.0000e+00
1720  16.124784   2.1838e-05   2.3918e-05   2.3662e-05   1.7938e-05   0.0000e+00   0.0000e+00   0.0000e+00   0.0000e+00   0.0000e+00   0.0000e+00
1725  16.130072   2.1879e-05   2.4002e-05   2.3687e-05   1.7952e-05   0.0000e+00   0.0000e+00   0.0000e+00   0.0000e+00   0.0000e+00   0.0000e+00
1730  16.135371   2.1920e-05   2.4087e-05   2.3711e-05   1.7965e-05   0.0000e+00   0.0000e+00   0.0000e+00   0.0000e+00   0.0000e+00   0.0000e+00
1735  16.140682   2.1961e-05   2.4172e-05   2.3736e-05   1.7978e-05   0.0000e+00   0.0000e+00   0.0000e+00   0.0000e+00   0.0000e+00   0.0000e+00
1740  16.146005   2.2002e-05   2.4259e-05   2.3760e-05   1.7992e-05   0.0000e+00   0.0000e+00   0.0000e+00   0.0000e+00   0.0000e+00   0.0000e+00
1745  16.151340   2.2044e-05   2.4347e-05   2.3784e-05   1.8005e-05   0.0000e+00   0.0000e+00   0.0000e+00   0.0000e+00   0.0000e+00   0.0000e+00
1750  16.156686   2.2086e-05   2.4436e-05   2.3808e-05   1.8018e-05   0.0000e+00   0.0000e+00   0.0000e+00   0.0000e+00   0.0000e+00   0.0000e+00
1755  16.162044   2.2128e-05   2.4526e-05   2.3832e-05   1.8031e-05   0.0000e+00   0.0000e+00   0.0000e+00   0.0000e+00   0.0000e+00   0.0000e+00
1760  16.167415   2.2170e-05   2.4617e-05   2.3855e-05   1.8044e-05   0.0000e+00   0.0000e+00   0.0000e+00   0.0000e+00   0.0000e+00   0.0000e+00
1765  16.172798   2.2213e-05   2.4709e-05   2.3878e-05   1.8058e-05   0.0000e+00   0.0000e+00   0.0000e+00   0.0000e+00   0.0000e+00   0.0000e+00
1770  16.178192   2.2256e-05   2.4802e-05   2.3901e-05   1.8071e-05   0.0000e+00   0.0000e+00   0.0000e+00   0.0000e+00   0.0000e+00   0.0000e+00
1775  16.183600   2.2299e-05   2.4896e-05   2.3924e-05   1.8084e-05   0.0000e+00   0.0000e+00   0.0000e+00   0.0000e+00   0.0000e+00   0.0000e+00
1780  16.189019   2.2343e-05   2.4992e-05   2.3946e-05   1.8097e-05   0.0000e+00   0.0000e+00   0.0000e+00   0.0000e+00   0.0000e+00   0.0000e+00
1785  16.194451   2.2387e-05   2.5088e-05   2.3968e-05   1.8110e-05   0.0000e+00   0.0000e+00   0.0000e+00   0.0000e+00   0.0000e+00   0.0000e+00
1790  16.199895   2.2431e-05   2.5186e-05   2.3990e-05   1.8122e-05   0.0000e+00   0.0000e+00   0.0000e+00   0.0000e+00   0.0000e+00   0.0000e+00
1795  16.205352   2.2475e-05   2.5285e-05   2.4012e-05   1.8135e-05   0.0000e+00   0.0000e+00   0.0000e+00   0.0000e+00   0.0000e+00   0.0000e+00
1800  16.210822   2.2520e-05   2.5385e-05   2.4033e-05   1.8148e-05   0.0000e+00   0.0000e+00   0.0000e+00   0.0000e+00   0.0000e+00   0.0000e+00
1805  16.216305   2.2565e-05   2.5487e-05   2.4054e-05   1.8161e-05   0.0000e+00   0.0000e+00   0.0000e+00   0.0000e+00   0.0000e+00   0.0000e+00
1810  16.221800   2.2611e-05   2.5589e-05   2.4075e-05   1.8174e-05   0.0000e+00   0.0000e+00   0.0000e+00   0.0000e+00   0.0000e+00   0.0000e+00
1815  16.227308   2.2656e-05   2.5693e-05   2.4096e-05   1.8186e-05   0.0000e+00   0.0000e+00   0.0000e+00   0.0000e+00   0.0000e+00   0.0000e+00
1820  16.232829   2.2702e-05   2.5798e-05   2.4116e-05   1.8199e-05   0.0000e+00   0.0000e+00   0.0000e+00   0.0000e+00   0.0000e+00   0.0000e+00
1825  16.238364   2.2749e-05   2.5904e-05   2.4136e-05   1.8212e-05   0.0000e+00   0.0000e+00   0.0000e+00   0.0000e+00   0.0000e+00   0.0000e+00
1830  16.243911   2.2795e-05   2.6012e-05   2.4156e-05   1.8224e-05   0.0000e+00   0.0000e+00   0.0000e+00   0.0000e+00   0.0000e+00   0.0000e+00
1835  16.249472   2.2842e-05   2.6121e-05   2.4176e-05   1.8237e-05   0.0000e+00   0.0000e+00   0.0000e+00   0.0000e+00   0.0000e+00   0.0000e+00
1840  16.255047   2.2889e-05   2.6231e-05   2.4195e-05   1.8249e-05   0.0000e+00   0.0000e+00   0.0000e+00   0.0000e+00   0.0000e+00   0.0000e+00
1845  16.260635   2.2937e-05   2.6343e-05   2.4214e-05   1.8261e-05   0.0000e+00   0.0000e+00   0.0000e+00   0.0000e+00   0.0000e+00   0.0000e+00
1850  16.266236   2.2985e-05   2.6456e-05   2.4233e-05   1.8274e-05   0.0000e+00   0.0000e+00   0.0000e+00   0.0000e+00   0.0000e+00   0.0000e+00
1855  16.271851   2.3033e-05   2.6570e-05   2.4251e-05   1.8286e-05   0.0000e+00   0.0000e+00   0.0000e+00   0.0000e+00   0.0000e+00   0.0000e+00
1860  16.277480   2.3082e-05   2.6686e-05   2.4269e-05   1.8298e-05   0.0000e+00   0.0000e+00   0.0000e+00   0.0000e+00   0.0000e+00   0.0000e+00
1865  16.283122   2.3131e-05   2.6803e-05   2.4287e-05   1.8310e-05   0.0000e+00   0.0000e+00   0.0000e+00   0.0000e+00   0.0000e+00   0.0000e+00
1870  16.288779   2.3180e-05   2.6921e-05   2.4304e-05   1.8323e-05   0.0000e+00   0.0000e+00   0.0000e+00   0.0000e+00   0.0000e+00   0.0000e+00
1875  16.294450   2.3230e-05   2.7041e-05   2.4321e-05   1.8335e-05   0.0000e+00   0.0000e+00   0.0000e+00   0.0000e+00   0.0000e+00   0.0000e+00
1880  16.300135   2.3280e-05   2.7162e-05   2.4338e-05   1.8347e-05   0.0000e+00   0.0000e+00   0.0000e+00   0.0000e+00   0.0000e+00   0.0000e+00
1885  16.305834   2.3330e-05   2.7285e-05   2.4355e-05   1.8358e-05   0.0000e+00   0.0000e+00   0.0000e+00   0.0000e+00   0.0000e+00   0.0000e+00
1890  16.311547   2.3381e-05   2.7410e-05   2.4371e-05   1.8370e-05   0.0000e+00   0.0000e+00   0.0000e+00   0.0000e+00   0.0000e+00   0.0000e+00
1895  16.317275   2.3432e-05   2.7536e-05   2.4387e-05   1.8382e-05   0.0000e+00   0.0000e+00   0.0000e+00   0.0000e+00   0.0000e+00   0.0000e+00
1900  16.323018   2.3484e-05   2.7663e-05   2.4402e-05   1.8394e-05   0.0000e+00   0.0000e+00   0.0000e+00   0.0000e+00   0.0000e+00   0.0000e+00
1905  16.328775   2.3536e-05   2.7792e-05   2.4417e-05   1.8406e-05   0.0000e+00   0.0000e+00   0.0000e+00   0.0000e+00   0.0000e+00   0.0000e+00
1910  16.334547   2.3588e-05   2.7923e-05   2.4432e-05   1.8417e-05   0.0000e+00   0.0000e+00   0.0000e+00   0.0000e+00   0.0000e+00   0.0000e+00
1915  16.340334   2.3640e-05   2.8055e-05   2.4446e-05   1.8429e-05   0.0000e+00   0.0000e+00   0.0000e+00   0.0000e+00   0.0000e+00   0.0000e+00
1920  16.346136   2.3694e-05   2.8188e-05   2.4460e-05   1.8440e-05   0.0000e+00   0.0000e+00   0.0000e+00   0.0000e+00   0.0000e+00   0.0000e+00
1925  16.351953   2.3747e-05   2.8324e-05   2.4474e-05   1.8452e-05   0.0000e+00   0.0000e+00   0.0000e+00   0.0000e+00   0.0000e+00   0.0000e+00
1930  16.357785   2.3801e-05   2.8461e-05   2.4487e-05   1.8463e-05   0.0000e+00   0.0000e+00   0.0000e+00   0.0000e+00   0.0000e+00   0.0000e+00
1935  16.363633   2.3855e-05   2.8600e-05   2.4500e-05   1.8474e-05   0.0000e+00   0.0000e+00   0.0000e+00   0.0000e+00   0.0000e+00   0.0000e+00
1940  16.369496   2.3910e-05   2.8740e-05   2.4512e-05   1.8486e-05   0.0000e+00   0.0000e+00   0.0000e+00   0.0000e+00   0.0000e+00   0.0000e+00
1945  16.375375   2.3965e-05   2.8882e-05   2.4525e-05   1.8497e-05   0.0000e+00   0.0000e+00   0.0000e+00   0.0000e+00   0.0000e+00   0.0000e+00
1950  16.381269   2.4021e-05   2.9026e-05   2.4536e-05   1.8508e-05   0.0000e+00   0.0000e+00   0.0000e+00   0.0000e+00   0.0000e+00   0.0000e+00
1955  16.387179   2.4077e-05   2.9172e-05   2.4548e-05   1.8519e-05   0.0000e+00   0.0000e+00   0.0000e+00   0.0000e+00   0.0000e+00   0.0000e+00
1960  16.393105   2.4133e-05   2.9320e-05   2.4558e-05   1.8530e-05   0.0000e+00   0.0000e+00   0.0000e+00   0.0000e+00   0.0000e+00   0.0000e+00
1965  16.399048   2.4190e-05   2.9469e-05   2.4569e-05   1.8540e-05   0.0000e+00   0.0000e+00   0.0000e+00   0.0000e+00   0.0000e+00   0.0000e+00
1970  16.405006   2.4247e-05   2.9620e-05   2.4579e-05   1.8551e-05   0.0000e+00   0.0000e+00   0.0000e+00   0.0000e+00   0.0000e+00   0.0000e+00
1975  16.410981   2.4305e-05   2.9774e-05   2.4588e-05   1.8562e-05   0.0000e+00   0.0000e+00   0.0000e+00   0.0000e+00   0.0000e+00   0.0000e+00
1980  16.416972   2.4363e-05   2.9929e-05   2.4598e-05   1.8572e-05   0.0000e+00   0.0000e+00   0.0000e+00   0.0000e+00   0.0000e+00   0.0000e+00
1985  16.422980   2.4422e-05   3.0086e-05   2.4606e-05   1.8583e-05   0.0000e+00   0.0000e+00   0.0000e+00   0.0000e+00   0.0000e+00   0.0000e+00
1990  16.429005   2.4481e-05   3.0245e-05   2.4614e-05   1.8593e-05   0.0000e+00   0.0000e+00   0.0000e+00   0.0000e+00   0.0000e+00   0.0000e+00
1995  16.435046   2.4541e-05   3.0405e-05   2.4622e-05   1.8604e-05   0.0000e+00   0.0000e+00   0.0000e+00   0.0000e+00   0.0000e+00   0.0000e+00
2000  16.441104   2.4601e-05   3.0568e-05   2.4629e-05   1.8614e-05   0.0000e+00   0.0000e+00   0.0000e+00   0.0000e+00   0.0000e+00   0.0000e+00
