#T volume alpha alpha_xx alpha_yy alpha_zz alpha_yz alpha_zy alpha_xz alpha_zx alpha_xy alpha_yx
5  12.206963   1.3030e-09   4.9831e-09   4.9831e-09   4.9831e-09   0.0000e+00   0.0000e+00   0.0000e+00   0.0000e+00   0.0000e+00   0.0000e+00
10  12.206964   4.4326e-09   3.1567e-09   3.1567e-09   3.1567e-09   0.0000e+00   0.0000e+00   0.0000e+00   0.0000e+00   0.0000e+00   0.0000e+00
15  12.206966   1.9103e-08   1.9104e-08   1.9104e-08   1.9104e-08   0.0000e+00   0.0000e+00   0.0000e+00   0.0000e+00   0.0000e+00   0.0000e+00
20  12.206974   9.0575e-08   9.0809e-08   9.0809e-08   9.0809e-08   0.0000e+00   0.0000e+00   0.0000e+00   0.0000e+00   0.0000e+00   0.0000e+00
25  12.207007   2.8787e-07   2.8821e-07   2.8821e-07   2.8821e-07   0.0000e+00   0.0000e+00   0.0000e+00   0.0000e+00   0.0000e+00   0.0000e+00
30  12.207090   6.4905e-07   6.4919e-07   6.4919e-07   6.4919e-07   0.0000e+00   0.0000e+00   0.0000e+00   0.0000e+00   0.0000e+00   0.0000e+00
35  12.207254   1.1646e-06   1.1646e-06   1.1646e-06   1.1646e-06   0.0000e+00   0.0000e+00   0.0000e+00   0.0000e+00   0.0000e+00   0.0000e+00
40  12.207523   1.7977e-06   1.7977e-06   1.7977e-06   1.7977e-06   0.0000e+00   0.0000e+00   0.0000e+00   0.0000e+00   0.0000e+00   0.0000e+00
45  12.207917   2.5067e-06   2.5067e-06   2.5067e-06   2.5067e-06   0.0000e+00   0.0000e+00   0.0000e+00   0.0000e+00   0.0000e+00   0.0000e+00
50  12.208444   3.2565e-06   3.2565e-06   3.2565e-06   3.2565e-06   0.0000e+00   0.0000e+00   0.0000e+00   0.0000e+00   0.0000e+00   0.0000e+00
55  12.209110   4.0212e-06   4.0212e-06   4.0212e-06   4.0212e-06   0.0000e+00   0.0000e+00   0.0000e+00   0.0000e+00   0.0000e+00   0.0000e+00
60  12.209917   4.7830e-06   4.7830e-06   4.7830e-06   4.7830e-06   0.0000e+00   0.0000e+00   0.0000e+00   0.0000e+00   0.0000e+00   0.0000e+00
65  12.210861   5.5301e-06   5.5301e-06   5.5301e-06   5.5301e-06   0.0000e+00   0.0000e+00   0.0000e+00   0.0000e+00   0.0000e+00   0.0000e+00
70  12.211941   6.2549e-06   6.2549e-06   6.2549e-06   6.2549e-06   0.0000e+00   0.0000e+00   0.0000e+00   0.0000e+00   0.0000e+00   0.0000e+00
75  12.213151   6.9525e-06   6.9525e-06   6.9525e-06   6.9525e-06   0.0000e+00   0.0000e+00   0.0000e+00   0.0000e+00   0.0000e+00   0.0000e+00
80  12.214487   7.6202e-06   7.6202e-06   7.6202e-06   7.6202e-06   0.0000e+00   0.0000e+00   0.0000e+00   0.0000e+00   0.0000e+00   0.0000e+00
85  12.215942   8.2564e-06   8.2564e-06   8.2564e-06   8.2564e-06   0.0000e+00   0.0000e+00   0.0000e+00   0.0000e+00   0.0000e+00   0.0000e+00
90  12.217511   8.8608e-06   8.8608e-06   8.8608e-06   8.8608e-06   0.0000e+00   0.0000e+00   0.0000e+00   0.0000e+00   0.0000e+00   0.0000e+00
95  12.219187   9.4335e-06   9.4335e-06   9.4335e-06   9.4335e-06   0.0000e+00   0.0000e+00   0.0000e+00   0.0000e+00   0.0000e+00   0.0000e+00
100  12.220967   9.9752e-06   9.9752e-06   9.9752e-06   9.9752e-06   0.0000e+00   0.0000e+00   0.0000e+00   0.0000e+00   0.0000e+00   0.0000e+00
105  12.222843   1.0487e-05   1.0487e-05   1.0487e-05   1.0487e-05   0.0000e+00   0.0000e+00   0.0000e+00   0.0000e+00   0.0000e+00   0.0000e+00
110  12.224810   1.0970e-05   1.0970e-05   1.0970e-05   1.0970e-05   0.0000e+00   0.0000e+00   0.0000e+00   0.0000e+00   0.0000e+00   0.0000e+00
115  12.226865   1.1426e-05   1.1426e-05   1.1426e-05   1.1426e-05   0.0000e+00   0.0000e+00   0.0000e+00   0.0000e+00   0.0000e+00   0.0000e+00
120  12.229000   1.1857e-05   1.1857e-05   1.1857e-05   1.1857e-05   0.0000e+00   0.0000e+00   0.0000e+00   0.0000e+00   0.0000e+00   0.0000e+00
125  12.231213   1.2263e-05   1.2263e-05   1.2263e-05   1.2263e-05   0.0000e+00   0.0000e+00   0.0000e+00   0.0000e+00   0.0000e+00   0.0000e+00
130  12.233499   1.2647e-05   1.2647e-05   1.2647e-05   1.2647e-05   0.0000e+00   0.0000e+00   0.0000e+00   0.0000e+00   0.0000e+00   0.0000e+00
135  12.235853   1.3011e-05   1.3011e-05   1.3011e-05   1.3011e-05   0.0000e+00   0.0000e+00   0.0000e+00   0.0000e+00   0.0000e+00   0.0000e+00
140  12.238273   1.3354e-05   1.3354e-05   1.3354e-05   1.3354e-05   0.0000e+00   0.0000e+00   0.0000e+00   0.0000e+00   0.0000e+00   0.0000e+00
145  12.240755   1.3680e-05   1.3680e-05   1.3680e-05   1.3680e-05   0.0000e+00   0.0000e+00   0.0000e+00   0.0000e+00   0.0000e+00   0.0000e+00
150  12.243296   1.3988e-05   1.3988e-05   1.3988e-05   1.3988e-05   0.0000e+00   0.0000e+00   0.0000e+00   0.0000e+00   0.0000e+00   0.0000e+00
155  12.245892   1.4282e-05   1.4282e-05   1.4282e-05   1.4282e-05   0.0000e+00   0.0000e+00   0.0000e+00   0.0000e+00   0.0000e+00   0.0000e+00
160  12.248542   1.4561e-05   1.4561e-05   1.4561e-05   1.4561e-05   0.0000e+00   0.0000e+00   0.0000e+00   0.0000e+00   0.0000e+00   0.0000e+00
165  12.251242   1.4826e-05   1.4826e-05   1.4826e-05   1.4826e-05   0.0000e+00   0.0000e+00   0.0000e+00   0.0000e+00   0.0000e+00   0.0000e+00
170  12.253990   1.5080e-05   1.5080e-05   1.5080e-05   1.5080e-05   0.0000e+00   0.0000e+00   0.0000e+00   0.0000e+00   0.0000e+00   0.0000e+00
175  12.256785   1.5322e-05   1.5322e-05   1.5322e-05   1.5322e-05   0.0000e+00   0.0000e+00   0.0000e+00   0.0000e+00   0.0000e+00   0.0000e+00
180  12.259624   1.5554e-05   1.5554e-05   1.5554e-05   1.5554e-05   0.0000e+00   0.0000e+00   0.0000e+00   0.0000e+00   0.0000e+00   0.0000e+00
185  12.262505   1.5776e-05   1.5776e-05   1.5776e-05   1.5776e-05   0.0000e+00   0.0000e+00   0.0000e+00   0.0000e+00   0.0000e+00   0.0000e+00
190  12.265426   1.5989e-05   1.5989e-05   1.5989e-05   1.5989e-05   0.0000e+00   0.0000e+00   0.0000e+00   0.0000e+00   0.0000e+00   0.0000e+00
195  12.268387   1.6194e-05   1.6194e-05   1.6194e-05   1.6194e-05   0.0000e+00   0.0000e+00   0.0000e+00   0.0000e+00   0.0000e+00   0.0000e+00
200  12.271386   1.6391e-05   1.6391e-05   1.6391e-05   1.6391e-05   0.0000e+00   0.0000e+00   0.0000e+00   0.0000e+00   0.0000e+00   0.0000e+00
205  12.274421   1.6582e-05   1.6582e-05   1.6582e-05   1.6582e-05   0.0000e+00   0.0000e+00   0.0000e+00   0.0000e+00   0.0000e+00   0.0000e+00
210  12.277492   1.6766e-05   1.6766e-05   1.6766e-05   1.6766e-05   0.0000e+00   0.0000e+00   0.0000e+00   0.0000e+00   0.0000e+00   0.0000e+00
215  12.280596   1.6944e-05   1.6944e-05   1.6944e-05   1.6944e-05   0.0000e+00   0.0000e+00   0.0000e+00   0.0000e+00   0.0000e+00   0.0000e+00
220  12.283734   1.7116e-05   1.7116e-05   1.7116e-05   1.7116e-05   0.0000e+00   0.0000e+00   0.0000e+00   0.0000e+00   0.0000e+00   0.0000e+00
225  12.286903   1.7284e-05   1.7284e-05   1.7284e-05   1.7284e-05   0.0000e+00   0.0000e+00   0.0000e+00   0.0000e+00   0.0000e+00   0.0000e+00
230  12.290104   1.7446e-05   1.7446e-05   1.7446e-05   1.7446e-05   0.0000e+00   0.0000e+00   0.0000e+00   0.0000e+00   0.0000e+00   0.0000e+00
235  12.293336   1.7605e-05   1.7605e-05   1.7605e-05   1.7605e-05   0.0000e+00   0.0000e+00   0.0000e+00   0.0000e+00   0.0000e+00   0.0000e+00
240  12.296597   1.7759e-05   1.7759e-05   1.7759e-05   1.7759e-05   0.0000e+00   0.0000e+00   0.0000e+00   0.0000e+00   0.0000e+00   0.0000e+00
245  12.299887   1.7910e-05   1.7910e-05   1.7910e-05   1.7910e-05   0.0000e+00   0.0000e+00   0.0000e+00   0.0000e+00   0.0000e+00   0.0000e+00
250  12.303205   1.8057e-05   1.8057e-05   1.8057e-05   1.8057e-05   0.0000e+00   0.0000e+00   0.0000e+00   0.0000e+00   0.0000e+00   0.0000e+00
255  12.306552   1.8202e-05   1.8202e-05   1.8202e-05   1.8202e-05   0.0000e+00   0.0000e+00   0.0000e+00   0.0000e+00   0.0000e+00   0.0000e+00
260  12.309925   1.8343e-05   1.8343e-05   1.8343e-05   1.8343e-05   0.0000e+00   0.0000e+00   0.0000e+00   0.0000e+00   0.0000e+00   0.0000e+00
265  12.313325   1.8481e-05   1.8481e-05   1.8481e-05   1.8481e-05   0.0000e+00   0.0000e+00   0.0000e+00   0.0000e+00   0.0000e+00   0.0000e+00
270  12.316752   1.8618e-05   1.8618e-05   1.8618e-05   1.8618e-05   0.0000e+00   0.0000e+00   0.0000e+00   0.0000e+00   0.0000e+00   0.0000e+00
275  12.320205   1.8752e-05   1.8752e-05   1.8752e-05   1.8752e-05   0.0000e+00   0.0000e+00   0.0000e+00   0.0000e+00   0.0000e+00   0.0000e+00
280  12.323683   1.8883e-05   1.8883e-05   1.8883e-05   1.8883e-05   0.0000e+00   0.0000e+00   0.0000e+00   0.0000e+00   0.0000e+00   0.0000e+00
285  12.327186   1.9013e-05   1.9013e-05   1.9013e-05   1.9013e-05   0.0000e+00   0.0000e+00   0.0000e+00   0.0000e+00   0.0000e+00   0.0000e+00
290  12.330714   1.9142e-05   1.9141e-05   1.9141e-05   1.9141e-05   0.0000e+00   0.0000e+00   0.0000e+00   0.0000e+00   0.0000e+00   0.0000e+00
295  12.334267   1.9268e-05   1.9268e-05   1.9268e-05   1.9268e-05   0.0000e+00   0.0000e+00   0.0000e+00   0.0000e+00   0.0000e+00   0.0000e+00
300  12.337844   1.9393e-05   1.9393e-05   1.9393e-05   1.9393e-05   0.0000e+00   0.0000e+00   0.0000e+00   0.0000e+00   0.0000e+00   0.0000e+00
305  12.341445   1.9517e-05   1.9517e-05   1.9517e-05   1.9517e-05   0.0000e+00   0.0000e+00   0.0000e+00   0.0000e+00   0.0000e+00   0.0000e+00
310  12.345070   1.9640e-05   1.9640e-05   1.9640e-05   1.9640e-05   0.0000e+00   0.0000e+00   0.0000e+00   0.0000e+00   0.0000e+00   0.0000e+00
315  12.348718   1.9761e-05   1.9761e-05   1.9761e-05   1.9761e-05   0.0000e+00   0.0000e+00   0.0000e+00   0.0000e+00   0.0000e+00   0.0000e+00
320  12.352390   1.9882e-05   1.9882e-05   1.9882e-05   1.9882e-05   0.0000e+00   0.0000e+00   0.0000e+00   0.0000e+00   0.0000e+00   0.0000e+00
325  12.356086   2.0001e-05   2.0001e-05   2.0001e-05   2.0001e-05   0.0000e+00   0.0000e+00   0.0000e+00   0.0000e+00   0.0000e+00   0.0000e+00
330  12.359804   2.0120e-05   2.0120e-05   2.0120e-05   2.0120e-05   0.0000e+00   0.0000e+00   0.0000e+00   0.0000e+00   0.0000e+00   0.0000e+00
335  12.363546   2.0238e-05   2.0238e-05   2.0238e-05   2.0238e-05   0.0000e+00   0.0000e+00   0.0000e+00   0.0000e+00   0.0000e+00   0.0000e+00
340  12.367311   2.0356e-05   2.0356e-05   2.0356e-05   2.0356e-05   0.0000e+00   0.0000e+00   0.0000e+00   0.0000e+00   0.0000e+00   0.0000e+00
345  12.371099   2.0473e-05   2.0473e-05   2.0473e-05   2.0473e-05   0.0000e+00   0.0000e+00   0.0000e+00   0.0000e+00   0.0000e+00   0.0000e+00
350  12.374909   2.0590e-05   2.0590e-05   2.0590e-05   2.0590e-05   0.0000e+00   0.0000e+00   0.0000e+00   0.0000e+00   0.0000e+00   0.0000e+00
355  12.378743   2.0706e-05   2.0706e-05   2.0706e-05   2.0706e-05   0.0000e+00   0.0000e+00   0.0000e+00   0.0000e+00   0.0000e+00   0.0000e+00
360  12.382599   2.0822e-05   2.0822e-05   2.0822e-05   2.0822e-05   0.0000e+00   0.0000e+00   0.0000e+00   0.0000e+00   0.0000e+00   0.0000e+00
365  12.386478   2.0938e-05   2.0938e-05   2.0938e-05   2.0938e-05   0.0000e+00   0.0000e+00   0.0000e+00   0.0000e+00   0.0000e+00   0.0000e+00
370  12.390379   2.1053e-05   2.1053e-05   2.1053e-05   2.1053e-05   0.0000e+00   0.0000e+00   0.0000e+00   0.0000e+00   0.0000e+00   0.0000e+00
375  12.394303   2.1169e-05   2.1169e-05   2.1169e-05   2.1169e-05   0.0000e+00   0.0000e+00   0.0000e+00   0.0000e+00   0.0000e+00   0.0000e+00
380  12.398250   2.1284e-05   2.1284e-05   2.1284e-05   2.1284e-05   0.0000e+00   0.0000e+00   0.0000e+00   0.0000e+00   0.0000e+00   0.0000e+00
385  12.402220   2.1400e-05   2.1400e-05   2.1400e-05   2.1400e-05   0.0000e+00   0.0000e+00   0.0000e+00   0.0000e+00   0.0000e+00   0.0000e+00
390  12.406212   2.1515e-05   2.1515e-05   2.1515e-05   2.1515e-05   0.0000e+00   0.0000e+00   0.0000e+00   0.0000e+00   0.0000e+00   0.0000e+00
395  12.410228   2.1631e-05   2.1631e-05   2.1631e-05   2.1631e-05   0.0000e+00   0.0000e+00   0.0000e+00   0.0000e+00   0.0000e+00   0.0000e+00
400  12.414266   2.1746e-05   2.1746e-05   2.1746e-05   2.1746e-05   0.0000e+00   0.0000e+00   0.0000e+00   0.0000e+00   0.0000e+00   0.0000e+00
405  12.418327   2.1862e-05   2.1862e-05   2.1862e-05   2.1862e-05   0.0000e+00   0.0000e+00   0.0000e+00   0.0000e+00   0.0000e+00   0.0000e+00
410  12.422410   2.1979e-05   2.1979e-05   2.1979e-05   2.1979e-05   0.0000e+00   0.0000e+00   0.0000e+00   0.0000e+00   0.0000e+00   0.0000e+00
415  12.426517   2.2095e-05   2.2095e-05   2.2095e-05   2.2095e-05   0.0000e+00   0.0000e+00   0.0000e+00   0.0000e+00   0.0000e+00   0.0000e+00
420  12.430647   2.2212e-05   2.2212e-05   2.2212e-05   2.2212e-05   0.0000e+00   0.0000e+00   0.0000e+00   0.0000e+00   0.0000e+00   0.0000e+00
425  12.434801   2.2329e-05   2.2329e-05   2.2329e-05   2.2329e-05   0.0000e+00   0.0000e+00   0.0000e+00   0.0000e+00   0.0000e+00   0.0000e+00
430  12.438977   2.2447e-05   2.2447e-05   2.2447e-05   2.2447e-05   0.0000e+00   0.0000e+00   0.0000e+00   0.0000e+00   0.0000e+00   0.0000e+00
435  12.443177   2.2565e-05   2.2565e-05   2.2565e-05   2.2565e-05   0.0000e+00   0.0000e+00   0.0000e+00   0.0000e+00   0.0000e+00   0.0000e+00
440  12.447401   2.2684e-05   2.2683e-05   2.2683e-05   2.2683e-05   0.0000e+00   0.0000e+00   0.0000e+00   0.0000e+00   0.0000e+00   0.0000e+00
445  12.451648   2.2803e-05   2.2803e-05   2.2803e-05   2.2803e-05   0.0000e+00   0.0000e+00   0.0000e+00   0.0000e+00   0.0000e+00   0.0000e+00
450  12.455919   2.2922e-05   2.2922e-05   2.2922e-05   2.2922e-05   0.0000e+00   0.0000e+00   0.0000e+00   0.0000e+00   0.0000e+00   0.0000e+00
455  12.460213   2.3043e-05   2.3043e-05   2.3043e-05   2.3043e-05   0.0000e+00   0.0000e+00   0.0000e+00   0.0000e+00   0.0000e+00   0.0000e+00
460  12.464532   2.3164e-05   2.3164e-05   2.3164e-05   2.3164e-05   0.0000e+00   0.0000e+00   0.0000e+00   0.0000e+00   0.0000e+00   0.0000e+00
465  12.468875   2.3285e-05   2.3285e-05   2.3285e-05   2.3285e-05   0.0000e+00   0.0000e+00   0.0000e+00   0.0000e+00   0.0000e+00   0.0000e+00
470  12.473243   2.3408e-05   2.3408e-05   2.3408e-05   2.3408e-05   0.0000e+00   0.0000e+00   0.0000e+00   0.0000e+00   0.0000e+00   0.0000e+00
475  12.477634   2.3531e-05   2.3531e-05   2.3531e-05   2.3531e-05   0.0000e+00   0.0000e+00   0.0000e+00   0.0000e+00   0.0000e+00   0.0000e+00
480  12.482051   2.3655e-05   2.3655e-05   2.3655e-05   2.3655e-05   0.0000e+00   0.0000e+00   0.0000e+00   0.0000e+00   0.0000e+00   0.0000e+00
485  12.486492   2.3780e-05   2.3780e-05   2.3780e-05   2.3780e-05   0.0000e+00   0.0000e+00   0.0000e+00   0.0000e+00   0.0000e+00   0.0000e+00
490  12.490959   2.3905e-05   2.3905e-05   2.3905e-05   2.3905e-05   0.0000e+00   0.0000e+00   0.0000e+00   0.0000e+00   0.0000e+00   0.0000e+00
495  12.495450   2.4032e-05   2.4032e-05   2.4032e-05   2.4032e-05   0.0000e+00   0.0000e+00   0.0000e+00   0.0000e+00   0.0000e+00   0.0000e+00
500  12.499967   2.4159e-05   2.4159e-05   2.4159e-05   2.4159e-05   0.0000e+00   0.0000e+00   0.0000e+00   0.0000e+00   0.0000e+00   0.0000e+00
505  12.504510   2.4287e-05   2.4287e-05   2.4287e-05   2.4287e-05   0.0000e+00   0.0000e+00   0.0000e+00   0.0000e+00   0.0000e+00   0.0000e+00
510  12.509078   2.4417e-05   2.4417e-05   2.4417e-05   2.4417e-05   0.0000e+00   0.0000e+00   0.0000e+00   0.0000e+00   0.0000e+00   0.0000e+00
515  12.513673   2.4547e-05   2.4547e-05   2.4547e-05   2.4547e-05   0.0000e+00   0.0000e+00   0.0000e+00   0.0000e+00   0.0000e+00   0.0000e+00
520  12.518294   2.4679e-05   2.4679e-05   2.4679e-05   2.4679e-05   0.0000e+00   0.0000e+00   0.0000e+00   0.0000e+00   0.0000e+00   0.0000e+00
525  12.522941   2.4811e-05   2.4811e-05   2.4811e-05   2.4811e-05   0.0000e+00   0.0000e+00   0.0000e+00   0.0000e+00   0.0000e+00   0.0000e+00
530  12.527615   2.4945e-05   2.4945e-05   2.4945e-05   2.4945e-05   0.0000e+00   0.0000e+00   0.0000e+00   0.0000e+00   0.0000e+00   0.0000e+00
535  12.532316   2.5079e-05   2.5079e-05   2.5079e-05   2.5079e-05   0.0000e+00   0.0000e+00   0.0000e+00   0.0000e+00   0.0000e+00   0.0000e+00
540  12.537044   2.5215e-05   2.5215e-05   2.5215e-05   2.5215e-05   0.0000e+00   0.0000e+00   0.0000e+00   0.0000e+00   0.0000e+00   0.0000e+00
545  12.541800   2.5353e-05   2.5353e-05   2.5353e-05   2.5353e-05   0.0000e+00   0.0000e+00   0.0000e+00   0.0000e+00   0.0000e+00   0.0000e+00
550  12.546583   2.5491e-05   2.5491e-05   2.5491e-05   2.5491e-05   0.0000e+00   0.0000e+00   0.0000e+00   0.0000e+00   0.0000e+00   0.0000e+00
555  12.551395   2.5631e-05   2.5631e-05   2.5631e-05   2.5631e-05   0.0000e+00   0.0000e+00   0.0000e+00   0.0000e+00   0.0000e+00   0.0000e+00
560  12.556235   2.5772e-05   2.5772e-05   2.5772e-05   2.5772e-05   0.0000e+00   0.0000e+00   0.0000e+00   0.0000e+00   0.0000e+00   0.0000e+00
565  12.561103   2.5914e-05   2.5914e-05   2.5914e-05   2.5914e-05   0.0000e+00   0.0000e+00   0.0000e+00   0.0000e+00   0.0000e+00   0.0000e+00
570  12.566000   2.6058e-05   2.6058e-05   2.6058e-05   2.6058e-05   0.0000e+00   0.0000e+00   0.0000e+00   0.0000e+00   0.0000e+00   0.0000e+00
575  12.570926   2.6203e-05   2.6203e-05   2.6203e-05   2.6203e-05   0.0000e+00   0.0000e+00   0.0000e+00   0.0000e+00   0.0000e+00   0.0000e+00
580  12.575882   2.6350e-05   2.6350e-05   2.6350e-05   2.6350e-05   0.0000e+00   0.0000e+00   0.0000e+00   0.0000e+00   0.0000e+00   0.0000e+00
585  12.580867   2.6498e-05   2.6498e-05   2.6498e-05   2.6498e-05   0.0000e+00   0.0000e+00   0.0000e+00   0.0000e+00   0.0000e+00   0.0000e+00
590  12.585883   2.6647e-05   2.6647e-05   2.6647e-05   2.6647e-05   0.0000e+00   0.0000e+00   0.0000e+00   0.0000e+00   0.0000e+00   0.0000e+00
595  12.590929   2.6799e-05   2.6799e-05   2.6799e-05   2.6799e-05   0.0000e+00   0.0000e+00   0.0000e+00   0.0000e+00   0.0000e+00   0.0000e+00
600  12.596006   2.6951e-05   2.6951e-05   2.6951e-05   2.6951e-05   0.0000e+00   0.0000e+00   0.0000e+00   0.0000e+00   0.0000e+00   0.0000e+00
605  12.601113   2.7106e-05   2.7106e-05   2.7106e-05   2.7106e-05   0.0000e+00   0.0000e+00   0.0000e+00   0.0000e+00   0.0000e+00   0.0000e+00
610  12.606253   2.7262e-05   2.7262e-05   2.7262e-05   2.7262e-05   0.0000e+00   0.0000e+00   0.0000e+00   0.0000e+00   0.0000e+00   0.0000e+00
615  12.611424   2.7420e-05   2.7420e-05   2.7420e-05   2.7420e-05   0.0000e+00   0.0000e+00   0.0000e+00   0.0000e+00   0.0000e+00   0.0000e+00
620  12.616627   2.7580e-05   2.7580e-05   2.7580e-05   2.7580e-05   0.0000e+00   0.0000e+00   0.0000e+00   0.0000e+00   0.0000e+00   0.0000e+00
625  12.621863   2.7741e-05   2.7741e-05   2.7741e-05   2.7741e-05   0.0000e+00   0.0000e+00   0.0000e+00   0.0000e+00   0.0000e+00   0.0000e+00
630  12.627131   2.7904e-05   2.7904e-05   2.7904e-05   2.7904e-05   0.0000e+00   0.0000e+00   0.0000e+00   0.0000e+00   0.0000e+00   0.0000e+00
635  12.632433   2.8069e-05   2.8069e-05   2.8069e-05   2.8069e-05   0.0000e+00   0.0000e+00   0.0000e+00   0.0000e+00   0.0000e+00   0.0000e+00
640  12.637769   2.8237e-05   2.8237e-05   2.8237e-05   2.8237e-05   0.0000e+00   0.0000e+00   0.0000e+00   0.0000e+00   0.0000e+00   0.0000e+00
645  12.643139   2.8406e-05   2.8406e-05   2.8406e-05   2.8406e-05   0.0000e+00   0.0000e+00   0.0000e+00   0.0000e+00   0.0000e+00   0.0000e+00
650  12.648543   2.8577e-05   2.8577e-05   2.8577e-05   2.8577e-05   0.0000e+00   0.0000e+00   0.0000e+00   0.0000e+00   0.0000e+00   0.0000e+00
655  12.653983   2.8750e-05   2.8750e-05   2.8750e-05   2.8750e-05   0.0000e+00   0.0000e+00   0.0000e+00   0.0000e+00   0.0000e+00   0.0000e+00
660  12.659457   2.8925e-05   2.8925e-05   2.8925e-05   2.8925e-05   0.0000e+00   0.0000e+00   0.0000e+00   0.0000e+00   0.0000e+00   0.0000e+00
665  12.664968   2.9103e-05   2.9103e-05   2.9103e-05   2.9103e-05   0.0000e+00   0.0000e+00   0.0000e+00   0.0000e+00   0.0000e+00   0.0000e+00
670  12.670515   2.9282e-05   2.9282e-05   2.9282e-05   2.9282e-05   0.0000e+00   0.0000e+00   0.0000e+00   0.0000e+00   0.0000e+00   0.0000e+00
675  12.676099   2.9464e-05   2.9464e-05   2.9464e-05   2.9464e-05   0.0000e+00   0.0000e+00   0.0000e+00   0.0000e+00   0.0000e+00   0.0000e+00
680  12.681720   2.9649e-05   2.9649e-05   2.9649e-05   2.9649e-05   0.0000e+00   0.0000e+00   0.0000e+00   0.0000e+00   0.0000e+00   0.0000e+00
685  12.687379   2.9835e-05   2.9835e-05   2.9835e-05   2.9835e-05   0.0000e+00   0.0000e+00   0.0000e+00   0.0000e+00   0.0000e+00   0.0000e+00
690  12.693076   3.0024e-05   3.0024e-05   3.0024e-05   3.0024e-05   0.0000e+00   0.0000e+00   0.0000e+00   0.0000e+00   0.0000e+00   0.0000e+00
695  12.698812   3.0216e-05   3.0216e-05   3.0216e-05   3.0216e-05   0.0000e+00   0.0000e+00   0.0000e+00   0.0000e+00   0.0000e+00   0.0000e+00
700  12.704587   3.0410e-05   3.0410e-05   3.0410e-05   3.0410e-05   0.0000e+00   0.0000e+00   0.0000e+00   0.0000e+00   0.0000e+00   0.0000e+00
705  12.710403   3.0607e-05   3.0607e-05   3.0607e-05   3.0607e-05   0.0000e+00   0.0000e+00   0.0000e+00   0.0000e+00   0.0000e+00   0.0000e+00
710  12.716258   3.0806e-05   3.0806e-05   3.0806e-05   3.0806e-05   0.0000e+00   0.0000e+00   0.0000e+00   0.0000e+00   0.0000e+00   0.0000e+00
715  12.722155   3.1008e-05   3.1008e-05   3.1008e-05   3.1008e-05   0.0000e+00   0.0000e+00   0.0000e+00   0.0000e+00   0.0000e+00   0.0000e+00
720  12.728093   3.1213e-05   3.1213e-05   3.1213e-05   3.1213e-05   0.0000e+00   0.0000e+00   0.0000e+00   0.0000e+00   0.0000e+00   0.0000e+00
725  12.734074   3.1421e-05   3.1421e-05   3.1421e-05   3.1421e-05   0.0000e+00   0.0000e+00   0.0000e+00   0.0000e+00   0.0000e+00   0.0000e+00
730  12.740097   3.1632e-05   3.1632e-05   3.1632e-05   3.1632e-05   0.0000e+00   0.0000e+00   0.0000e+00   0.0000e+00   0.0000e+00   0.0000e+00
735  12.746164   3.1845e-05   3.1846e-05   3.1846e-05   3.1846e-05   0.0000e+00   0.0000e+00   0.0000e+00   0.0000e+00   0.0000e+00   0.0000e+00
740  12.752274   3.2062e-05   3.2062e-05   3.2062e-05   3.2062e-05   0.0000e+00   0.0000e+00   0.0000e+00   0.0000e+00   0.0000e+00   0.0000e+00
745  12.758430   3.2282e-05   3.2282e-05   3.2282e-05   3.2282e-05   0.0000e+00   0.0000e+00   0.0000e+00   0.0000e+00   0.0000e+00   0.0000e+00
750  12.764631   3.2505e-05   3.2506e-05   3.2506e-05   3.2506e-05   0.0000e+00   0.0000e+00   0.0000e+00   0.0000e+00   0.0000e+00   0.0000e+00
755  12.770878   3.2732e-05   3.2732e-05   3.2732e-05   3.2732e-05   0.0000e+00   0.0000e+00   0.0000e+00   0.0000e+00   0.0000e+00   0.0000e+00
760  12.777171   3.2962e-05   3.2962e-05   3.2962e-05   3.2962e-05   0.0000e+00   0.0000e+00   0.0000e+00   0.0000e+00   0.0000e+00   0.0000e+00
765  12.783513   3.3195e-05   3.3196e-05   3.3196e-05   3.3196e-05   0.0000e+00   0.0000e+00   0.0000e+00   0.0000e+00   0.0000e+00   0.0000e+00
770  12.789902   3.3432e-05   3.3433e-05   3.3433e-05   3.3433e-05   0.0000e+00   0.0000e+00   0.0000e+00   0.0000e+00   0.0000e+00   0.0000e+00
775  12.796341   3.3673e-05   3.3673e-05   3.3673e-05   3.3673e-05   0.0000e+00   0.0000e+00   0.0000e+00   0.0000e+00   0.0000e+00   0.0000e+00
780  12.802829   3.3917e-05   3.3918e-05   3.3918e-05   3.3918e-05   0.0000e+00   0.0000e+00   0.0000e+00   0.0000e+00   0.0000e+00   0.0000e+00
785  12.809368   3.4166e-05   3.4166e-05   3.4166e-05   3.4166e-05   0.0000e+00   0.0000e+00   0.0000e+00   0.0000e+00   0.0000e+00   0.0000e+00
790  12.815959   3.4418e-05   3.4418e-05   3.4418e-05   3.4418e-05   0.0000e+00   0.0000e+00   0.0000e+00   0.0000e+00   0.0000e+00   0.0000e+00
795  12.822601   3.4674e-05   3.4674e-05   3.4674e-05   3.4674e-05   0.0000e+00   0.0000e+00   0.0000e+00   0.0000e+00   0.0000e+00   0.0000e+00
800  12.829297   3.4935e-05   3.4935e-05   3.4935e-05   3.4935e-05   0.0000e+00   0.0000e+00   0.0000e+00   0.0000e+00   0.0000e+00   0.0000e+00
805  12.836047   3.5199e-05   3.5200e-05   3.5200e-05   3.5200e-05   0.0000e+00   0.0000e+00   0.0000e+00   0.0000e+00   0.0000e+00   0.0000e+00
810  12.842852   3.5468e-05   3.5469e-05   3.5469e-05   3.5469e-05   0.0000e+00   0.0000e+00   0.0000e+00   0.0000e+00   0.0000e+00   0.0000e+00
815  12.849713   3.5742e-05   3.5742e-05   3.5742e-05   3.5742e-05   0.0000e+00   0.0000e+00   0.0000e+00   0.0000e+00   0.0000e+00   0.0000e+00
820  12.856631   3.6020e-05   3.6021e-05   3.6021e-05   3.6021e-05   0.0000e+00   0.0000e+00   0.0000e+00   0.0000e+00   0.0000e+00   0.0000e+00
825  12.863606   3.6303e-05   3.6304e-05   3.6304e-05   3.6304e-05   0.0000e+00   0.0000e+00   0.0000e+00   0.0000e+00   0.0000e+00   0.0000e+00
830  12.870641   3.6591e-05   3.6592e-05   3.6592e-05   3.6592e-05   0.0000e+00   0.0000e+00   0.0000e+00   0.0000e+00   0.0000e+00   0.0000e+00
835  12.877735   3.6884e-05   3.6885e-05   3.6885e-05   3.6885e-05   0.0000e+00   0.0000e+00   0.0000e+00   0.0000e+00   0.0000e+00   0.0000e+00
840  12.884891   3.7183e-05   3.7183e-05   3.7183e-05   3.7183e-05   0.0000e+00   0.0000e+00   0.0000e+00   0.0000e+00   0.0000e+00   0.0000e+00
845  12.892109   3.7486e-05   3.7486e-05   3.7486e-05   3.7486e-05   0.0000e+00   0.0000e+00   0.0000e+00   0.0000e+00   0.0000e+00   0.0000e+00
850  12.899390   3.7795e-05   3.7795e-05   3.7795e-05   3.7795e-05   0.0000e+00   0.0000e+00   0.0000e+00   0.0000e+00   0.0000e+00   0.0000e+00
855  12.906735   3.8110e-05   3.8110e-05   3.8110e-05   3.8110e-05   0.0000e+00   0.0000e+00   0.0000e+00   0.0000e+00   0.0000e+00   0.0000e+00
860  12.914146   3.8430e-05   3.8430e-05   3.8430e-05   3.8430e-05   0.0000e+00   0.0000e+00   0.0000e+00   0.0000e+00   0.0000e+00   0.0000e+00
865  12.921624   3.8757e-05   3.8757e-05   3.8757e-05   3.8757e-05   0.0000e+00   0.0000e+00   0.0000e+00   0.0000e+00   0.0000e+00   0.0000e+00
870  12.929171   3.9089e-05   3.9090e-05   3.9090e-05   3.9090e-05   0.0000e+00   0.0000e+00   0.0000e+00   0.0000e+00   0.0000e+00   0.0000e+00
875  12.936786   3.9428e-05   3.9429e-05   3.9429e-05   3.9429e-05   0.0000e+00   0.0000e+00   0.0000e+00   0.0000e+00   0.0000e+00   0.0000e+00
880  12.944473   3.9774e-05   3.9774e-05   3.9774e-05   3.9774e-05   0.0000e+00   0.0000e+00   0.0000e+00   0.0000e+00   0.0000e+00   0.0000e+00
885  12.952233   4.0126e-05   4.0126e-05   4.0126e-05   4.0126e-05   0.0000e+00   0.0000e+00   0.0000e+00   0.0000e+00   0.0000e+00   0.0000e+00
890  12.960066   4.0486e-05   4.0486e-05   4.0486e-05   4.0486e-05   0.0000e+00   0.0000e+00   0.0000e+00   0.0000e+00   0.0000e+00   0.0000e+00
895  12.967974   4.0852e-05   4.0852e-05   4.0852e-05   4.0852e-05   0.0000e+00   0.0000e+00   0.0000e+00   0.0000e+00   0.0000e+00   0.0000e+00
900  12.975959   4.1226e-05   4.1226e-05   4.1226e-05   4.1226e-05   0.0000e+00   0.0000e+00   0.0000e+00   0.0000e+00   0.0000e+00   0.0000e+00
905  12.984023   4.1608e-05   4.1608e-05   4.1608e-05   4.1608e-05   0.0000e+00   0.0000e+00   0.0000e+00   0.0000e+00   0.0000e+00   0.0000e+00
910  12.992167   4.1997e-05   4.1997e-05   4.1997e-05   4.1997e-05   0.0000e+00   0.0000e+00   0.0000e+00   0.0000e+00   0.0000e+00   0.0000e+00
915  13.000393   4.2395e-05   4.2395e-05   4.2395e-05   4.2395e-05   0.0000e+00   0.0000e+00   0.0000e+00   0.0000e+00   0.0000e+00   0.0000e+00
920  13.008702   4.2802e-05   4.2802e-05   4.2802e-05   4.2802e-05   0.0000e+00   0.0000e+00   0.0000e+00   0.0000e+00   0.0000e+00   0.0000e+00
925  13.017097   4.3217e-05   4.3217e-05   4.3217e-05   4.3217e-05   0.0000e+00   0.0000e+00   0.0000e+00   0.0000e+00   0.0000e+00   0.0000e+00
930  13.025580   4.3641e-05   4.3641e-05   4.3641e-05   4.3641e-05   0.0000e+00   0.0000e+00   0.0000e+00   0.0000e+00   0.0000e+00   0.0000e+00
935  13.034151   4.4074e-05   4.4074e-05   4.4074e-05   4.4074e-05   0.0000e+00   0.0000e+00   0.0000e+00   0.0000e+00   0.0000e+00   0.0000e+00
940  13.042814   4.4518e-05   4.4517e-05   4.4517e-05   4.4517e-05   0.0000e+00   0.0000e+00   0.0000e+00   0.0000e+00   0.0000e+00   0.0000e+00
945  13.051571   4.4971e-05   4.4971e-05   4.4971e-05   4.4971e-05   0.0000e+00   0.0000e+00   0.0000e+00   0.0000e+00   0.0000e+00   0.0000e+00
950  13.060423   4.5435e-05   4.5435e-05   4.5435e-05   4.5435e-05   0.0000e+00   0.0000e+00   0.0000e+00   0.0000e+00   0.0000e+00   0.0000e+00
955  13.069374   4.5909e-05   4.5909e-05   4.5909e-05   4.5909e-05   0.0000e+00   0.0000e+00   0.0000e+00   0.0000e+00   0.0000e+00   0.0000e+00
960  13.078424   4.6395e-05   4.6395e-05   4.6395e-05   4.6395e-05   0.0000e+00   0.0000e+00   0.0000e+00   0.0000e+00   0.0000e+00   0.0000e+00
965  13.087578   4.6893e-05   4.6893e-05   4.6893e-05   4.6893e-05   0.0000e+00   0.0000e+00   0.0000e+00   0.0000e+00   0.0000e+00   0.0000e+00
970  13.096837   4.7403e-05   4.7402e-05   4.7402e-05   4.7402e-05   0.0000e+00   0.0000e+00   0.0000e+00   0.0000e+00   0.0000e+00   0.0000e+00
975  13.106203   4.7925e-05   4.7925e-05   4.7925e-05   4.7925e-05   0.0000e+00   0.0000e+00   0.0000e+00   0.0000e+00   0.0000e+00   0.0000e+00
980  13.115681   4.8460e-05   4.8460e-05   4.8460e-05   4.8460e-05   0.0000e+00   0.0000e+00   0.0000e+00   0.0000e+00   0.0000e+00   0.0000e+00
985  13.125272   4.9010e-05   4.9009e-05   4.9009e-05   4.9009e-05   0.0000e+00   0.0000e+00   0.0000e+00   0.0000e+00   0.0000e+00   0.0000e+00
990  13.134980   4.9573e-05   4.9573e-05   4.9573e-05   4.9573e-05   0.0000e+00   0.0000e+00   0.0000e+00   0.0000e+00   0.0000e+00   0.0000e+00
995  13.144807   5.0151e-05   5.0151e-05   5.0151e-05   5.0151e-05   0.0000e+00   0.0000e+00   0.0000e+00   0.0000e+00   0.0000e+00   0.0000e+00
1000  13.154758   5.0745e-05   5.0744e-05   5.0744e-05   5.0744e-05   0.0000e+00   0.0000e+00   0.0000e+00   0.0000e+00   0.0000e+00   0.0000e+00
1005  13.164835   5.1354e-05   5.1354e-05   5.1354e-05   5.1354e-05   0.0000e+00   0.0000e+00   0.0000e+00   0.0000e+00   0.0000e+00   0.0000e+00
1010  13.175041   5.1981e-05   5.1980e-05   5.1980e-05   5.1980e-05   0.0000e+00   0.0000e+00   0.0000e+00   0.0000e+00   0.0000e+00   0.0000e+00
1015  13.185381   5.2625e-05   5.2624e-05   5.2624e-05   5.2624e-05   0.0000e+00   0.0000e+00   0.0000e+00   0.0000e+00   0.0000e+00   0.0000e+00
1020  13.195859   5.3287e-05   5.3287e-05   5.3287e-05   5.3287e-05   0.0000e+00   0.0000e+00   0.0000e+00   0.0000e+00   0.0000e+00   0.0000e+00
1025  13.206478   5.3969e-05   5.3968e-05   5.3968e-05   5.3968e-05   0.0000e+00   0.0000e+00   0.0000e+00   0.0000e+00   0.0000e+00   0.0000e+00
1030  13.217242   5.4671e-05   5.4670e-05   5.4670e-05   5.4670e-05   0.0000e+00   0.0000e+00   0.0000e+00   0.0000e+00   0.0000e+00   0.0000e+00
1035  13.228157   5.5393e-05   5.5393e-05   5.5393e-05   5.5393e-05   0.0000e+00   0.0000e+00   0.0000e+00   0.0000e+00   0.0000e+00   0.0000e+00
1040  13.239227   5.6138e-05   5.6138e-05   5.6138e-05   5.6138e-05   0.0000e+00   0.0000e+00   0.0000e+00   0.0000e+00   0.0000e+00   0.0000e+00
1045  13.250456   5.6906e-05   5.6906e-05   5.6906e-05   5.6906e-05   0.0000e+00   0.0000e+00   0.0000e+00   0.0000e+00   0.0000e+00   0.0000e+00
1050  13.261849   5.7699e-05   5.7698e-05   5.7698e-05   5.7698e-05   0.0000e+00   0.0000e+00   0.0000e+00   0.0000e+00   0.0000e+00   0.0000e+00
1055  13.273413   5.8517e-05   5.8516e-05   5.8516e-05   5.8516e-05   0.0000e+00   0.0000e+00   0.0000e+00   0.0000e+00   0.0000e+00   0.0000e+00
1060  13.285153   5.9362e-05   5.9361e-05   5.9361e-05   5.9361e-05   0.0000e+00   0.0000e+00   0.0000e+00   0.0000e+00   0.0000e+00   0.0000e+00
1065  13.297074   6.0235e-05   6.0234e-05   6.0234e-05   6.0234e-05   0.0000e+00   0.0000e+00   0.0000e+00   0.0000e+00   0.0000e+00   0.0000e+00
1070  13.309184   6.1138e-05   6.1138e-05   6.1138e-05   6.1138e-05   0.0000e+00   0.0000e+00   0.0000e+00   0.0000e+00   0.0000e+00   0.0000e+00
1075  13.321488   6.2073e-05   6.2072e-05   6.2072e-05   6.2072e-05   0.0000e+00   0.0000e+00   0.0000e+00   0.0000e+00   0.0000e+00   0.0000e+00
1080  13.333993   6.3042e-05   6.3041e-05   6.3041e-05   6.3041e-05   0.0000e+00   0.0000e+00   0.0000e+00   0.0000e+00   0.0000e+00   0.0000e+00
1085  13.346708   6.4046e-05   6.4045e-05   6.4045e-05   6.4045e-05   0.0000e+00   0.0000e+00   0.0000e+00   0.0000e+00   0.0000e+00   0.0000e+00
1090  13.359640   6.5087e-05   6.5086e-05   6.5086e-05   6.5086e-05   0.0000e+00   0.0000e+00   0.0000e+00   0.0000e+00   0.0000e+00   0.0000e+00
1095  13.372797   6.6168e-05   6.6167e-05   6.6167e-05   6.6167e-05   0.0000e+00   0.0000e+00   0.0000e+00   0.0000e+00   0.0000e+00   0.0000e+00
1100  13.386188   6.7291e-05   6.7290e-05   6.7290e-05   6.7290e-05   0.0000e+00   0.0000e+00   0.0000e+00   0.0000e+00   0.0000e+00   0.0000e+00
1105  13.399823   6.8459e-05   6.8458e-05   6.8458e-05   6.8458e-05   0.0000e+00   0.0000e+00   0.0000e+00   0.0000e+00   0.0000e+00   0.0000e+00
1110  13.413712   6.9676e-05   6.9675e-05   6.9675e-05   6.9675e-05   0.0000e+00   0.0000e+00   0.0000e+00   0.0000e+00   0.0000e+00   0.0000e+00
1115  13.427865   7.0943e-05   7.0942e-05   7.0942e-05   7.0942e-05   0.0000e+00   0.0000e+00   0.0000e+00   0.0000e+00   0.0000e+00   0.0000e+00
1120  13.442295   7.2265e-05   7.2264e-05   7.2264e-05   7.2264e-05   0.0000e+00   0.0000e+00   0.0000e+00   0.0000e+00   0.0000e+00   0.0000e+00
1125  13.457012   7.3646e-05   7.3645e-05   7.3645e-05   7.3645e-05   0.0000e+00   0.0000e+00   0.0000e+00   0.0000e+00   0.0000e+00   0.0000e+00
1130  13.472031   7.5089e-05   7.5088e-05   7.5088e-05   7.5088e-05   0.0000e+00   0.0000e+00   0.0000e+00   0.0000e+00   0.0000e+00   0.0000e+00
1135  13.487365   7.6600e-05   7.6599e-05   7.6599e-05   7.6599e-05   0.0000e+00   0.0000e+00   0.0000e+00   0.0000e+00   0.0000e+00   0.0000e+00
1140  13.503030   7.8184e-05   7.8183e-05   7.8183e-05   7.8183e-05   0.0000e+00   0.0000e+00   0.0000e+00   0.0000e+00   0.0000e+00   0.0000e+00
1145  13.519042   7.9846e-05   7.9845e-05   7.9845e-05   7.9845e-05   0.0000e+00   0.0000e+00   0.0000e+00   0.0000e+00   0.0000e+00   0.0000e+00
1150  13.535419   8.1594e-05   8.1593e-05   8.1593e-05   8.1593e-05   0.0000e+00   0.0000e+00   0.0000e+00   0.0000e+00   0.0000e+00   0.0000e+00
1155  13.552181   8.3433e-05   8.3432e-05   8.3432e-05   8.3432e-05   0.0000e+00   0.0000e+00   0.0000e+00   0.0000e+00   0.0000e+00   0.0000e+00
1160  13.569348   8.5373e-05   8.5373e-05   8.5373e-05   8.5373e-05   0.0000e+00   0.0000e+00   0.0000e+00   0.0000e+00   0.0000e+00   0.0000e+00
1165  13.586943   8.7423e-05   8.7422e-05   8.7422e-05   8.7422e-05   0.0000e+00   0.0000e+00   0.0000e+00   0.0000e+00   0.0000e+00   0.0000e+00
1170  13.604991   8.9592e-05   8.9591e-05   8.9591e-05   8.9591e-05   0.0000e+00   0.0000e+00   0.0000e+00   0.0000e+00   0.0000e+00   0.0000e+00
1175  13.623519   9.1892e-05   9.1892e-05   9.1892e-05   9.1892e-05   0.0000e+00   0.0000e+00   0.0000e+00   0.0000e+00   0.0000e+00   0.0000e+00
1180  13.642558   9.4338e-05   9.4338e-05   9.4338e-05   9.4338e-05   0.0000e+00   0.0000e+00   0.0000e+00   0.0000e+00   0.0000e+00   0.0000e+00
1185  13.662141   9.6943e-05   9.6944e-05   9.6944e-05   9.6944e-05   0.0000e+00   0.0000e+00   0.0000e+00   0.0000e+00   0.0000e+00   0.0000e+00
1190  13.682305   9.9727e-05   9.9727e-05   9.9727e-05   9.9727e-05   0.0000e+00   0.0000e+00   0.0000e+00   0.0000e+00   0.0000e+00   0.0000e+00
1195  13.703090   1.0271e-04   1.0271e-04   1.0271e-04   1.0271e-04   0.0000e+00   0.0000e+00   0.0000e+00   0.0000e+00   0.0000e+00   0.0000e+00
1200  13.724543   1.0591e-04   1.0591e-04   1.0591e-04   1.0591e-04   0.0000e+00   0.0000e+00   0.0000e+00   0.0000e+00   0.0000e+00   0.0000e+00
1205  13.746716   1.0936e-04   1.0937e-04   1.0937e-04   1.0937e-04   0.0000e+00   0.0000e+00   0.0000e+00   0.0000e+00   0.0000e+00   0.0000e+00
1210  13.769666   1.1310e-04   1.1310e-04   1.1310e-04   1.1310e-04   0.0000e+00   0.0000e+00   0.0000e+00   0.0000e+00   0.0000e+00   0.0000e+00
1215  13.793461   1.1716e-04   1.1717e-04   1.1717e-04   1.1717e-04   0.0000e+00   0.0000e+00   0.0000e+00   0.0000e+00   0.0000e+00   0.0000e+00
1220  13.818175   1.2159e-04   1.2159e-04   1.2159e-04   1.2159e-04   0.0000e+00   0.0000e+00   0.0000e+00   0.0000e+00   0.0000e+00   0.0000e+00
