#T volume alpha alpha_xx alpha_yy alpha_zz alpha_yz alpha_zy alpha_xz alpha_zx alpha_xy alpha_yx
5  13.401037   5.7408e-09   5.7409e-09   5.7409e-09   5.7409e-09   9.1481e-26   9.1481e-26  -9.1481e-26   9.1481e-26  -9.1481e-26  -9.1481e-26
10  13.401038   1.0730e-08   1.0730e-08   1.0730e-08   1.0730e-08  -5.1239e-25  -1.0140e-25   1.3448e-24  -1.0140e-25   1.7558e-24   1.0140e-25
15  13.401042   2.6816e-08   2.6816e-08   2.6816e-08   2.6816e-08  -1.1083e-25  -1.1083e-25   1.1083e-25  -1.1083e-25   1.1083e-25   1.1083e-25
20  13.401051   6.7287e-08   6.7287e-08   6.7287e-08   6.7287e-08   2.8860e-24   2.8860e-24  -2.8860e-24   2.8860e-24  -2.8860e-24  -2.8860e-24
25  13.401072   1.5798e-07   1.5798e-07   1.5798e-07   1.5798e-07  -4.4103e-24  -4.4103e-24   4.4103e-24  -4.4103e-24   4.4103e-24   4.4103e-24
30  13.401119   3.1784e-07   3.1784e-07   3.1784e-07   3.1784e-07   1.9601e-24   1.9601e-24  -1.9601e-24   1.9601e-24  -1.9601e-24  -1.9601e-24
35  13.401205   5.5246e-07   5.5246e-07   5.5246e-07   5.5246e-07  -9.7491e-24  -3.1177e-23   5.2605e-23   2.1762e-23   3.1177e-23  -2.1762e-23
40  13.401345   8.5570e-07   8.5570e-07   8.5570e-07   8.5570e-07   2.4664e-23   4.4414e-23   4.1715e-23  -6.1465e-23   6.1465e-23  -4.4414e-23
45  13.401553   1.2153e-06   1.2153e-06   1.2153e-06   1.2153e-06  -2.0689e-23  -2.0689e-23   2.0689e-23  -2.0689e-23   2.0689e-23   2.0689e-23
50  13.401837   1.6171e-06   1.6171e-06   1.6171e-06   1.6171e-06  -7.7961e-24  -7.7961e-24   7.7961e-24  -7.7961e-24   7.7961e-24   7.7961e-24
55  13.402205   2.0480e-06   2.0480e-06   2.0480e-06   2.0480e-06  -1.5140e-22  -2.3083e-22   3.1026e-22  -1.9070e-23   2.3083e-22   1.9070e-23
60  13.402661   2.4965e-06   2.4965e-06   2.4965e-06   2.4965e-06  -5.5336e-23  -5.5336e-23   5.5336e-23  -5.5336e-23   5.5336e-23   5.5336e-23
65  13.403209   2.9535e-06   2.9535e-06   2.9535e-06   2.9535e-06  -8.4209e-25  -8.4209e-25   8.4209e-25  -8.4209e-25   8.4209e-25   8.4209e-25
70  13.403849   3.4114e-06   3.4115e-06   3.4115e-06   3.4115e-06   4.5547e-23   4.5547e-23  -4.5547e-23   4.5547e-23  -4.5547e-23  -4.5547e-23
75  13.404581   3.8649e-06   3.8649e-06   3.8649e-06   3.8649e-06   2.5174e-22   1.0185e-22   4.8045e-23  -3.2167e-22  -1.0185e-22  -1.0185e-22
80  13.405403   4.3095e-06   4.3095e-06   4.3095e-06   4.3095e-06   2.3683e-23   2.3683e-23  -2.3683e-23   2.3683e-23  -2.3683e-23  -2.3683e-23
85  13.406313   4.7421e-06   4.7422e-06   4.7422e-06   4.7422e-06  -2.7242e-22  -4.5633e-22   6.4024e-22  -3.2815e-23   4.5633e-22   3.2815e-23
90  13.407309   5.1607e-06   5.1607e-06   5.1607e-06   5.1607e-06   7.1162e-23   7.1162e-23  -7.1162e-23   7.1162e-23  -7.1162e-23  -7.1162e-23
95  13.408388   5.5637e-06   5.5637e-06   5.5637e-06   5.5637e-06  -5.7965e-23  -5.7965e-23   5.7965e-23  -5.7965e-23   5.7965e-23   5.7965e-23
100  13.409546   5.9502e-06   5.9502e-06   5.9502e-06   5.9502e-06  -2.1862e-22  -2.5846e-23   6.8010e-22  -2.5846e-23   8.7288e-22   2.5846e-23
105  13.410780   6.3197e-06   6.3197e-06   6.3197e-06   6.3197e-06   1.7182e-22   1.7182e-22  -1.7182e-22   1.7182e-22  -1.7182e-22  -1.7182e-22
110  13.412087   6.6721e-06   6.6721e-06   6.6721e-06   6.6721e-06   2.5118e-22   4.1597e-22   2.6626e-22  -4.3106e-22   4.3106e-22  -4.1597e-22
115  13.413464   7.0075e-06   7.0075e-06   7.0075e-06   7.0075e-06   6.8957e-23   6.8957e-23  -6.8957e-23   6.8957e-23  -6.8957e-23  -6.8957e-23
120  13.414906   7.3263e-06   7.3263e-06   7.3263e-06   7.3263e-06  -1.9729e-22  -1.9729e-22   1.9729e-22  -1.9729e-22   1.9729e-22   1.9729e-22
125  13.416411   7.6289e-06   7.6289e-06   7.6289e-06   7.6289e-06  -1.2137e-22  -1.2137e-22   1.2137e-22  -1.2137e-22   1.2137e-22   1.2137e-22
130  13.417976   7.9159e-06   7.9159e-06   7.9159e-06   7.9159e-06  -9.5410e-23  -9.5410e-23   9.5410e-23  -9.5410e-23   9.5410e-23   9.5410e-23
135  13.419597   8.1880e-06   8.1880e-06   8.1880e-06   8.1880e-06  -3.6030e-22  -3.6030e-22   3.6030e-22  -3.6030e-22   3.6030e-22   3.6030e-22
140  13.421271   8.4458e-06   8.4458e-06   8.4458e-06   8.4458e-06  -3.5075e-24  -3.5075e-24   3.5075e-24  -3.5075e-24   3.5075e-24   3.5075e-24
145  13.422996   8.6900e-06   8.6900e-06   8.6900e-06   8.6900e-06  -4.0285e-24  -4.0285e-24   4.0285e-24  -4.0285e-24   4.0285e-24   4.0285e-24
150  13.424770   8.9213e-06   8.9213e-06   8.9213e-06   8.9213e-06  -2.1688e-22  -2.1688e-22   2.1688e-22  -2.1688e-22   2.1688e-22   2.1688e-22
155  13.426588   9.1405e-06   9.1405e-06   9.1405e-06   9.1405e-06   5.5987e-22   2.0556e-22   1.4874e-22  -6.4147e-22  -2.0556e-22  -2.0556e-22
160  13.428450   9.3481e-06   9.3482e-06   9.3482e-06   9.3482e-06   3.4140e-22   3.4140e-22  -3.4140e-22   3.4140e-22  -3.4140e-22  -3.4140e-22
165  13.430354   9.5450e-06   9.5450e-06   9.5450e-06   9.5450e-06  -3.5689e-22  -3.5689e-22   3.5689e-22  -3.5689e-22   3.5689e-22   3.5689e-22
170  13.432296   9.7317e-06   9.7317e-06   9.7317e-06   9.7317e-06   4.0842e-22   4.0842e-22  -4.0842e-22   4.0842e-22  -4.0842e-22  -4.0842e-22
175  13.434275   9.9088e-06   9.9088e-06   9.9088e-06   9.9088e-06   1.7194e-22   1.7194e-22  -1.7194e-22   1.7194e-22  -1.7194e-22  -1.7194e-22
180  13.436289   1.0077e-05   1.0077e-05   1.0077e-05   1.0077e-05   6.7488e-23   6.7488e-23  -6.7488e-23   6.7488e-23  -6.7488e-23  -6.7488e-23
185  13.438336   1.0237e-05   1.0237e-05   1.0237e-05   1.0237e-05  -1.7897e-22  -1.7897e-22   1.7897e-22  -1.7897e-22   1.7897e-22   1.7897e-22
190  13.440415   1.0388e-05   1.0388e-05   1.0388e-05   1.0388e-05  -2.5591e-22  -2.5591e-22   2.5591e-22  -2.5591e-22   2.5591e-22   2.5591e-22
195  13.442524   1.0533e-05   1.0533e-05   1.0533e-05   1.0533e-05  -1.5219e-22  -1.5219e-22   1.5219e-22  -1.5219e-22   1.5219e-22   1.5219e-22
200  13.444662   1.0670e-05   1.0670e-05   1.0670e-05   1.0670e-05   1.7067e-22   1.7067e-22  -1.7067e-22   1.7067e-22  -1.7067e-22  -1.7067e-22
205  13.446827   1.0801e-05   1.0801e-05   1.0801e-05   1.0801e-05   3.2532e-22   3.2532e-22  -3.2532e-22   3.2532e-22  -3.2532e-22  -3.2532e-22
210  13.449019   1.0926e-05   1.0926e-05   1.0926e-05   1.0926e-05  -8.5000e-23  -8.5000e-23   8.5000e-23  -8.5000e-23   8.5000e-23   8.5000e-23
215  13.451235   1.1045e-05   1.1045e-05   1.1045e-05   1.1045e-05  -2.1675e-22  -2.1675e-22   2.1675e-22  -2.1675e-22   2.1675e-22   2.1675e-22
220  13.453475   1.1158e-05   1.1158e-05   1.1158e-05   1.1158e-05   3.6931e-22   3.6931e-22  -3.6931e-22   3.6931e-22  -3.6931e-22  -3.6931e-22
225  13.455738   1.1267e-05   1.1267e-05   1.1267e-05   1.1267e-05  -4.5886e-22  -4.8239e-23   1.3317e-21  -4.8239e-23   1.7423e-21   4.8239e-23
230  13.458023   1.1371e-05   1.1371e-05   1.1371e-05   1.1371e-05   2.4975e-22   2.4975e-22  -2.4975e-22   2.4975e-22  -2.4975e-22  -2.4975e-22
235  13.460329   1.1470e-05   1.1470e-05   1.1470e-05   1.1470e-05  -2.5321e-22  -2.5321e-22   2.5321e-22  -2.5321e-22   2.5321e-22   2.5321e-22
240  13.462655   1.1565e-05   1.1565e-05   1.1565e-05   1.1565e-05  -4.6779e-23  -4.6779e-23   4.6779e-23  -4.6779e-23   4.6779e-23   4.6779e-23
245  13.465000   1.1657e-05   1.1657e-05   1.1657e-05   1.1657e-05   4.6454e-23   4.6454e-23  -4.6454e-23   4.6454e-23  -4.6454e-23  -4.6454e-23
250  13.467363   1.1744e-05   1.1744e-05   1.1744e-05   1.1744e-05   1.1169e-22   1.1169e-22  -1.1169e-22   1.1169e-22  -1.1169e-22  -1.1169e-22
255  13.469744   1.1828e-05   1.1828e-05   1.1828e-05   1.1828e-05  -3.2031e-22  -3.2031e-22   3.2031e-22  -3.2031e-22   3.2031e-22   3.2031e-22
260  13.472143   1.1909e-05   1.1909e-05   1.1909e-05   1.1909e-05   2.9671e-22   2.9671e-22  -2.9671e-22   2.9671e-22  -2.9671e-22  -2.9671e-22
265  13.474557   1.1987e-05   1.1987e-05   1.1987e-05   1.1987e-05   3.3226e-22   3.3226e-22  -3.3226e-22   3.3226e-22  -3.3226e-22  -3.3226e-22
270  13.476988   1.2062e-05   1.2062e-05   1.2062e-05   1.2062e-05   3.8747e-22   3.8747e-22  -3.8747e-22   3.8747e-22  -3.8747e-22  -3.8747e-22
275  13.479434   1.2134e-05   1.2134e-05   1.2134e-05   1.2134e-05  -6.5901e-23  -6.5901e-23   6.5901e-23  -6.5901e-23   6.5901e-23   6.5901e-23
280  13.481894   1.2203e-05   1.2203e-05   1.2203e-05   1.2203e-05  -2.9085e-22   8.3804e-23   1.2356e-21   8.3804e-23   1.6103e-21  -8.3804e-23
285  13.484369   1.2270e-05   1.2270e-05   1.2270e-05   1.2270e-05   6.6894e-22   1.0410e-21   2.8095e-22  -6.5304e-22   6.5304e-22  -1.0410e-21
290  13.486858   1.2335e-05   1.2335e-05   1.2335e-05   1.2335e-05  -3.3852e-23  -3.3852e-23   3.3852e-23  -3.3852e-23   3.3852e-23   3.3852e-23
295  13.489360   1.2398e-05   1.2398e-05   1.2398e-05   1.2398e-05   1.4517e-22   5.1239e-22   8.1447e-22  -3.3465e-22   1.1817e-21  -5.1239e-22
300  13.491875   1.2458e-05   1.2458e-05   1.2458e-05   1.2458e-05   3.9518e-22   3.9518e-22  -3.9518e-22   3.9518e-22  -3.9518e-22  -3.9518e-22
305  13.494402   1.2517e-05   1.2517e-05   1.2517e-05   1.2517e-05  -1.1368e-22  -1.1368e-22   1.1368e-22  -1.1368e-22   1.1368e-22   1.1368e-22
310  13.496942   1.2574e-05   1.2574e-05   1.2574e-05   1.2574e-05   3.6432e-22   3.6432e-22  -3.6432e-22   3.6432e-22  -3.6432e-22  -3.6432e-22
315  13.499494   1.2629e-05   1.2629e-05   1.2629e-05   1.2629e-05   4.0948e-22   4.0948e-22  -4.0948e-22   4.0948e-22  -4.0948e-22  -4.0948e-22
320  13.502057   1.2683e-05   1.2683e-05   1.2683e-05   1.2683e-05   3.0687e-22   3.0687e-22  -3.0687e-22   3.0687e-22  -3.0687e-22  -3.0687e-22
325  13.504631   1.2735e-05   1.2735e-05   1.2735e-05   1.2735e-05   7.0804e-24   7.0804e-24  -7.0804e-24   7.0804e-24  -7.0804e-24  -7.0804e-24
330  13.507216   1.2785e-05   1.2785e-05   1.2785e-05   1.2785e-05  -1.7863e-22  -1.7863e-22   1.7863e-22  -1.7863e-22   1.7863e-22   1.7863e-22
335  13.509811   1.2834e-05   1.2834e-05   1.2834e-05   1.2834e-05  -1.3391e-22  -1.3391e-22   1.3391e-22  -1.3391e-22   1.3391e-22   1.3391e-22
340  13.512417   1.2882e-05   1.2882e-05   1.2882e-05   1.2882e-05   2.1338e-22   2.1338e-22  -2.1338e-22   2.1338e-22  -2.1338e-22  -2.1338e-22
345  13.515033   1.2929e-05   1.2929e-05   1.2929e-05   1.2929e-05  -3.6564e-22  -3.6564e-22   3.6564e-22  -3.6564e-22   3.6564e-22   3.6564e-22
350  13.517659   1.2974e-05   1.2974e-05   1.2974e-05   1.2974e-05   8.4314e-22   1.1884e-21   1.6039e-22  -5.0565e-22   5.0565e-22  -3.4138e-22
355  13.520294   1.3018e-05   1.3018e-05   1.3018e-05   1.3018e-05   3.7086e-22   3.7086e-22  -3.7086e-22   3.7086e-22  -3.7086e-22  -3.7086e-22
360  13.522939   1.3061e-05   1.3061e-05   1.3061e-05   1.3061e-05  -3.8260e-22  -3.8260e-22   3.8260e-22  -3.8260e-22   3.8260e-22   3.8260e-22
365  13.525593   1.3104e-05   1.3104e-05   1.3104e-05   1.3104e-05  -2.7747e-22   6.2880e-23   1.2908e-21   6.2880e-23   1.6312e-21  -6.2880e-23
370  13.528256   1.3145e-05   1.3145e-05   1.3145e-05   1.3145e-05  -2.1648e-24  -2.1648e-24   2.1648e-24  -2.1648e-24   2.1648e-24   2.1648e-24
375  13.530928   1.3185e-05   1.3185e-05   1.3185e-05   1.3185e-05  -5.9915e-22  -2.6189e-22   1.6187e-21  -2.6189e-22   1.9560e-21   2.6189e-22
380  13.533608   1.3225e-05   1.3225e-05   1.3225e-05   1.3225e-05   3.4134e-22   3.4134e-22  -3.4134e-22   3.4134e-22  -3.4134e-22  -3.4134e-22
385  13.536297   1.3263e-05   1.3263e-05   1.3263e-05   1.3263e-05   1.6694e-22   1.6694e-22  -1.6694e-22   1.6694e-22  -1.6694e-22  -1.6694e-22
390  13.538994   1.3301e-05   1.3301e-05   1.3301e-05   1.3301e-05  -1.8912e-22  -1.8912e-22   1.8912e-22  -1.8912e-22   1.8912e-22   1.8912e-22
395  13.541700   1.3338e-05   1.3338e-05   1.3338e-05   1.3338e-05   4.1147e-22   4.1147e-22  -4.1147e-22   4.1147e-22  -4.1147e-22  -4.1147e-22
400  13.544413   1.3375e-05   1.3375e-05   1.3375e-05   1.3375e-05  -4.5821e-22  -1.2810e-22   1.4921e-21  -1.2810e-22   1.8222e-21   1.2810e-22
405  13.547134   1.3410e-05   1.3410e-05   1.3410e-05   1.3410e-05   2.6780e-22   2.6780e-22  -2.6780e-22   2.6780e-22  -2.6780e-22  -2.6780e-22
410  13.549863   1.3445e-05   1.3445e-05   1.3445e-05   1.3445e-05  -2.3398e-22  -2.3398e-22   2.3398e-22  -2.3398e-22   2.3398e-22   2.3398e-22
415  13.552600   1.3480e-05   1.3480e-05   1.3480e-05   1.3480e-05  -2.8766e-22  -2.8766e-22   2.8766e-22  -2.8766e-22   2.8766e-22   2.8766e-22
420  13.555344   1.3514e-05   1.3514e-05   1.3514e-05   1.3514e-05   3.7639e-22   3.7639e-22  -3.7639e-22   3.7639e-22  -3.7639e-22  -3.7639e-22
425  13.558095   1.3547e-05   1.3547e-05   1.3547e-05   1.3547e-05   2.8932e-22   2.8932e-22  -2.8932e-22   2.8932e-22  -2.8932e-22  -2.8932e-22
430  13.560854   1.3580e-05   1.3580e-05   1.3580e-05   1.3580e-05  -4.2384e-23  -4.2384e-23   4.2384e-23  -4.2384e-23   4.2384e-23   4.2384e-23
435  13.563620   1.3612e-05   1.3612e-05   1.3612e-05   1.3612e-05   5.4346e-22   8.6463e-22   5.0826e-22  -8.2943e-22   8.2943e-22  -8.6463e-22
440  13.566393   1.3644e-05   1.3644e-05   1.3644e-05   1.3644e-05   2.5721e-22   2.5721e-22  -2.5721e-22   2.5721e-22  -2.5721e-22  -2.5721e-22
445  13.569173   1.3675e-05   1.3675e-05   1.3675e-05   1.3675e-05   3.0718e-22   3.0718e-22  -3.0718e-22   3.0718e-22  -3.0718e-22  -3.0718e-22
450  13.571960   1.3706e-05   1.3706e-05   1.3706e-05   1.3706e-05  -3.7468e-22  -3.7468e-22   3.7468e-22  -3.7468e-22   3.7468e-22   3.7468e-22
455  13.574753   1.3737e-05   1.3737e-05   1.3737e-05   1.3737e-05  -1.8069e-22  -1.8069e-22   1.8069e-22  -1.8069e-22   1.8069e-22   1.8069e-22
460  13.577554   1.3767e-05   1.3767e-05   1.3767e-05   1.3767e-05  -3.8251e-22  -3.8251e-22   3.8251e-22  -3.8251e-22   3.8251e-22   3.8251e-22
465  13.580361   1.3797e-05   1.3797e-05   1.3797e-05   1.3797e-05   7.2616e-22   1.0404e-21   3.3938e-22  -6.5364e-22   6.5364e-22  -1.0404e-21
470  13.583175   1.3826e-05   1.3826e-05   1.3826e-05   1.3826e-05  -3.0445e-22  -3.0445e-22   3.0445e-22  -3.0445e-22   3.0445e-22   3.0445e-22
475  13.585995   1.3855e-05   1.3855e-05   1.3855e-05   1.3855e-05  -5.2922e-22  -2.1714e-22   1.5991e-21  -2.1714e-22   1.9112e-21   2.1714e-22
480  13.588822   1.3884e-05   1.3884e-05   1.3884e-05   1.3884e-05   3.4508e-23   3.4508e-23  -3.4508e-23   3.4508e-23  -3.4508e-23  -3.4508e-23
485  13.591655   1.3912e-05   1.3912e-05   1.3912e-05   1.3912e-05  -7.9399e-23  -7.9399e-23   7.9399e-23  -7.9399e-23   7.9399e-23   7.9399e-23
490  13.594495   1.3941e-05   1.3941e-05   1.3941e-05   1.3941e-05   3.9028e-22   3.9028e-22  -3.9028e-22   3.9028e-22  -3.9028e-22  -3.9028e-22
495  13.597341   1.3968e-05   1.3968e-05   1.3968e-05   1.3968e-05  -5.8762e-22  -2.7975e-22   1.6660e-21  -2.7975e-22   1.9738e-21   2.7975e-22
500  13.600193   1.3996e-05   1.3996e-05   1.3996e-05   1.3996e-05  -2.9334e-22  -2.9334e-22   2.9334e-22  -2.9334e-22   2.9334e-22   2.9334e-22
505  13.603051   1.4023e-05   1.4023e-05   1.4023e-05   1.4023e-05   3.3346e-22   3.3346e-22  -3.3346e-22   3.3346e-22  -3.3346e-22  -3.3346e-22
510  13.605915   1.4050e-05   1.4050e-05   1.4050e-05   1.4050e-05   1.0447e-22   1.0447e-22  -1.0447e-22   1.0447e-22  -1.0447e-22  -1.0447e-22
515  13.608786   1.4077e-05   1.4077e-05   1.4077e-05   1.4077e-05  -1.6556e-22   1.3826e-22   1.2520e-21   1.3826e-22   1.5558e-21  -1.3826e-22
520  13.611663   1.4104e-05   1.4104e-05   1.4104e-05   1.4104e-05  -3.0267e-22  -3.0267e-22   3.0267e-22  -3.0267e-22   3.0267e-22   3.0267e-22
525  13.614545   1.4130e-05   1.4130e-05   1.4130e-05   1.4130e-05  -3.1070e-23  -3.1070e-23   3.1070e-23  -3.1070e-23   3.1070e-23   3.1070e-23
530  13.617434   1.4156e-05   1.4156e-05   1.4156e-05   1.4156e-05   1.3853e-22   1.3853e-22  -1.3853e-22   1.3853e-22  -1.3853e-22  -1.3853e-22
535  13.620328   1.4182e-05   1.4182e-05   1.4182e-05   1.4182e-05  -3.8394e-22  -8.4025e-23   1.4782e-21  -8.4025e-23   1.7781e-21   8.4025e-23
540  13.623229   1.4208e-05   1.4208e-05   1.4208e-05   1.4208e-05   8.2807e-23   8.2807e-23  -8.2807e-23   8.2807e-23  -8.2807e-23  -8.2807e-23
545  13.626135   1.4234e-05   1.4234e-05   1.4234e-05   1.4234e-05   1.6136e-22   1.6136e-22  -1.6136e-22   1.6136e-22  -1.6136e-22  -1.6136e-22
550  13.629047   1.4259e-05   1.4259e-05   1.4259e-05   1.4259e-05  -7.2559e-22  -4.2851e-22   1.8255e-21   4.1852e-22   2.1226e-21  -4.1852e-22
555  13.631965   1.4284e-05   1.4284e-05   1.4284e-05   1.4284e-05   4.0556e-22   4.0556e-22  -4.0556e-22   4.0556e-22  -4.0556e-22  -4.0556e-22
560  13.634889   1.4309e-05   1.4309e-05   1.4309e-05   1.4309e-05  -3.5595e-22  -3.5595e-22   3.5595e-22  -3.5595e-22   3.5595e-22   3.5595e-22
565  13.637818   1.4334e-05   1.4334e-05   1.4334e-05   1.4334e-05   3.9400e-22   6.8829e-22   7.1150e-22  -1.0058e-21   1.0058e-21  -6.8829e-22
570  13.640754   1.4359e-05   1.4359e-05   1.4359e-05   1.4359e-05   4.6460e-22   7.5796e-22   6.4274e-22  -9.3611e-22   9.3611e-22  -7.5796e-22
575  13.643694   1.4384e-05   1.4384e-05   1.4384e-05   1.4384e-05   9.6632e-22   1.2588e-21   1.4284e-22  -4.3529e-22   4.3529e-22  -4.1174e-22
580  13.646641   1.4409e-05   1.4409e-05   1.4409e-05   1.4409e-05  -1.9877e-23  -1.9877e-23   1.9877e-23  -1.9877e-23   1.9877e-23   1.9877e-23
585  13.649593   1.4433e-05   1.4433e-05   1.4433e-05   1.4433e-05   2.0404e-22   2.0404e-22  -2.0404e-22   2.0404e-22  -2.0404e-22  -2.0404e-22
590  13.652551   1.4458e-05   1.4457e-05   1.4457e-05   1.4457e-05  -8.7665e-22  -5.8692e-22   1.9912e-21   2.6012e-22   2.2810e-21  -2.6012e-22
595  13.655515   1.4482e-05   1.4482e-05   1.4482e-05   1.4482e-05  -2.9945e-22  -2.9945e-22   2.9945e-22  -2.9945e-22   2.9945e-22   2.9945e-22
600  13.658484   1.4506e-05   1.4506e-05   1.4506e-05   1.4506e-05  -1.1979e-22  -1.1979e-22   1.1979e-22  -1.1979e-22   1.1979e-22   1.1979e-22
605  13.661459   1.4530e-05   1.4530e-05   1.4530e-05   1.4530e-05   5.9052e-22   8.7759e-22   5.2942e-22  -8.1648e-22   8.1648e-22  -8.7759e-22
610  13.664439   1.4554e-05   1.4554e-05   1.4554e-05   1.4554e-05   5.3849e-22   8.2466e-22   5.8322e-22  -8.6940e-22   8.6940e-22  -8.2466e-22
615  13.667425   1.4578e-05   1.4578e-05   1.4578e-05   1.4578e-05   2.6864e-22   2.6864e-22  -2.6864e-22   2.6864e-22  -2.6864e-22  -2.6864e-22
620  13.670416   1.4602e-05   1.4602e-05   1.4602e-05   1.4602e-05  -4.0133e-22  -1.1691e-22   1.5266e-21  -1.1691e-22   1.8110e-21   1.1691e-22
625  13.673413   1.4626e-05   1.4626e-05   1.4626e-05   1.4626e-05  -6.9122e-23  -6.9122e-23   6.9122e-23  -6.9122e-23   6.9122e-23   6.9122e-23
630  13.676416   1.4649e-05   1.4649e-05   1.4649e-05   1.4649e-05  -2.2421e-22   5.8461e-23   1.3529e-21   5.8461e-23   1.6356e-21  -5.8461e-23
635  13.679424   1.4673e-05   1.4673e-05   1.4673e-05   1.4673e-05   2.7447e-22   2.7447e-22  -2.7447e-22   2.7447e-22  -2.7447e-22  -2.7447e-22
640  13.682437   1.4697e-05   1.4696e-05   1.4696e-05   1.4696e-05  -6.3740e-23  -6.3740e-23   6.3740e-23  -6.3740e-23   6.3740e-23   6.3740e-23
645  13.685456   1.4720e-05   1.4720e-05   1.4720e-05   1.4720e-05   9.0521e-23   9.0521e-23  -9.0521e-23   9.0521e-23  -9.0521e-23  -9.0521e-23
650  13.688481   1.4744e-05   1.4744e-05   1.4744e-05   1.4744e-05  -7.4701e-23  -7.4701e-23   7.4701e-23  -7.4701e-23   7.4701e-23   7.4701e-23
655  13.691511   1.4767e-05   1.4767e-05   1.4767e-05   1.4767e-05   2.8358e-22   2.8358e-22  -2.8358e-22   2.8358e-22  -2.8358e-22  -2.8358e-22
660  13.694546   1.4790e-05   1.4790e-05   1.4790e-05   1.4790e-05   1.2588e-22   1.2588e-22  -1.2588e-22   1.2588e-22  -1.2588e-22  -1.2588e-22
665  13.697587   1.4814e-05   1.4814e-05   1.4814e-05   1.4814e-05   2.6344e-22   2.6344e-22  -2.6344e-22   2.6344e-22  -2.6344e-22  -2.6344e-22
670  13.700634   1.4837e-05   1.4837e-05   1.4837e-05   1.4837e-05  -1.8983e-22  -1.8983e-22   1.8983e-22  -1.8983e-22   1.8983e-22   1.8983e-22
675  13.703685   1.4860e-05   1.4860e-05   1.4860e-05   1.4860e-05   3.5781e-22   3.5781e-22  -3.5781e-22   3.5781e-22  -3.5781e-22  -3.5781e-22
680  13.706743   1.4884e-05   1.4884e-05   1.4884e-05   1.4884e-05  -1.3158e-22  -1.3158e-22   1.3158e-22  -1.3158e-22   1.3158e-22   1.3158e-22
685  13.709806   1.4907e-05   1.4907e-05   1.4907e-05   1.4907e-05  -1.7345e-22  -1.7345e-22   1.7345e-22  -1.7345e-22   1.7345e-22   1.7345e-22
690  13.712874   1.4930e-05   1.4930e-05   1.4930e-05   1.4930e-05  -2.4441e-22  -2.4441e-22   2.4441e-22  -2.4441e-22   2.4441e-22   2.4441e-22
695  13.715948   1.4953e-05   1.4953e-05   1.4953e-05   1.4953e-05   1.8299e-22   1.8299e-22  -1.8299e-22   1.8299e-22  -1.8299e-22  -1.8299e-22
700  13.719027   1.4976e-05   1.4976e-05   1.4976e-05   1.4976e-05  -4.0083e-22  -4.0083e-22   4.0083e-22  -4.0083e-22   4.0083e-22   4.0083e-22
705  13.722112   1.5000e-05   1.5000e-05   1.5000e-05   1.5000e-05   9.3332e-22   1.2031e-21   2.2110e-22  -4.9092e-22   4.9092e-22  -1.2031e-21
710  13.725202   1.5023e-05   1.5023e-05   1.5023e-05   1.5023e-05   1.9104e-22   1.9104e-22  -1.9104e-22   1.9104e-22  -1.9104e-22  -1.9104e-22
715  13.728297   1.5046e-05   1.5046e-05   1.5046e-05   1.5046e-05   2.0520e-22   2.0520e-22  -2.0520e-22   2.0520e-22  -2.0520e-22  -2.0520e-22
720  13.731398   1.5069e-05   1.5069e-05   1.5069e-05   1.5069e-05  -3.3289e-22  -3.3289e-22   3.3289e-22  -3.3289e-22   3.3289e-22   3.3289e-22
725  13.734505   1.5092e-05   1.5092e-05   1.5092e-05   1.5092e-05  -1.7168e-22  -1.7168e-22   1.7168e-22  -1.7168e-22   1.7168e-22   1.7168e-22
730  13.737617   1.5115e-05   1.5115e-05   1.5115e-05   1.5115e-05   1.1373e-22   1.1373e-22  -1.1373e-22   1.1373e-22  -1.1373e-22  -1.1373e-22
735  13.740734   1.5139e-05   1.5139e-05   1.5139e-05   1.5139e-05  -1.0207e-21  -7.5599e-22   2.1853e-21   9.1040e-23   2.4501e-21  -9.1040e-23
740  13.743857   1.5162e-05   1.5162e-05   1.5162e-05   1.5162e-05   9.8521e-23   9.8521e-23  -9.8521e-23   9.8521e-23  -9.8521e-23  -9.8521e-23
745  13.746986   1.5185e-05   1.5185e-05   1.5185e-05   1.5185e-05  -3.2788e-22  -3.2788e-22   3.2788e-22  -3.2788e-22   3.2788e-22   3.2788e-22
750  13.750120   1.5208e-05   1.5208e-05   1.5208e-05   1.5208e-05   1.5338e-22   1.5338e-22  -1.5338e-22   1.5338e-22  -1.5338e-22  -1.5338e-22
755  13.753259   1.5231e-05   1.5231e-05   1.5231e-05   1.5231e-05  -3.5282e-22  -9.1474e-23   1.5242e-21  -9.1474e-23   1.7855e-21   9.1474e-23
760  13.756404   1.5255e-05   1.5254e-05   1.5254e-05   1.5254e-05  -3.2923e-22  -3.2923e-22   3.2923e-22  -3.2923e-22   3.2923e-22   3.2923e-22
765  13.759555   1.5278e-05   1.5278e-05   1.5278e-05   1.5278e-05   6.1144e-22   6.1144e-22  -6.1144e-22   6.1144e-22  -6.1144e-22  -6.1144e-22
770  13.762711   1.5301e-05   1.5301e-05   1.5301e-05   1.5301e-05   6.4730e-22   6.4730e-22  -6.4730e-22   6.4730e-22  -6.4730e-22  -6.4730e-22
775  13.765872   1.5324e-05   1.5324e-05   1.5324e-05   1.5324e-05  -4.3653e-22  -4.3653e-22   4.3653e-22  -4.3653e-22   4.3653e-22   4.3653e-22
780  13.769039   1.5348e-05   1.5348e-05   1.5348e-05   1.5348e-05   2.8194e-22   2.8194e-22  -2.8194e-22   2.8194e-22  -2.8194e-22  -2.8194e-22
785  13.772212   1.5371e-05   1.5371e-05   1.5371e-05   1.5371e-05   2.0634e-22   2.0634e-22  -2.0634e-22   2.0634e-22  -2.0634e-22  -2.0634e-22
790  13.775390   1.5394e-05   1.5394e-05   1.5394e-05   1.5394e-05   3.7041e-23   3.7041e-23  -3.7041e-23   3.7041e-23  -3.7041e-23  -3.7041e-23
795  13.778574   1.5418e-05   1.5418e-05   1.5418e-05   1.5418e-05   6.8424e-22   6.8424e-22  -6.8424e-22   6.8424e-22  -6.8424e-22  -6.8424e-22
800  13.781763   1.5441e-05   1.5441e-05   1.5441e-05   1.5441e-05   2.4152e-22  -3.5183e-22   9.4518e-22  -3.5183e-22   3.5183e-22  -1.3422e-21
805  13.784958   1.5465e-05   1.5465e-05   1.5465e-05   1.5465e-05  -4.7579e-22  -4.7579e-22   4.7579e-22  -4.7579e-22   4.7579e-22   4.7579e-22
810  13.788158   1.5488e-05   1.5488e-05   1.5488e-05   1.5488e-05  -3.2813e-22  -3.2813e-22   3.2813e-22  -3.2813e-22   3.2813e-22   3.2813e-22
815  13.791364   1.5512e-05   1.5512e-05   1.5512e-05   1.5512e-05  -8.2597e-22  -8.2597e-22   8.2597e-22  -8.2597e-22   8.2597e-22   8.2597e-22
820  13.794576   1.5535e-05   1.5535e-05   1.5535e-05   1.5535e-05   3.1089e-22   3.1089e-22  -3.1089e-22   3.1089e-22  -3.1089e-22  -3.1089e-22
825  13.797794   1.5559e-05   1.5559e-05   1.5559e-05   1.5559e-05  -3.1234e-22  -3.1234e-22   3.1234e-22  -3.1234e-22   3.1234e-22   3.1234e-22
830  13.801017   1.5583e-05   1.5583e-05   1.5583e-05   1.5583e-05   1.2838e-22   1.2838e-22  -1.2838e-22   1.2838e-22  -1.2838e-22  -1.2838e-22
835  13.804245   1.5606e-05   1.5606e-05   1.5606e-05   1.5606e-05  -8.3967e-22  -8.3967e-22   8.3967e-22  -8.3967e-22   8.3967e-22   8.3967e-22
840  13.807480   1.5630e-05   1.5630e-05   1.5630e-05   1.5630e-05  -5.9417e-22  -5.9417e-22   5.9417e-22  -5.9417e-22   5.9417e-22   5.9417e-22
845  13.810720   1.5654e-05   1.5654e-05   1.5654e-05   1.5654e-05   2.9866e-22   2.9866e-22  -2.9866e-22   2.9866e-22  -2.9866e-22  -2.9866e-22
850  13.813965   1.5678e-05   1.5678e-05   1.5678e-05   1.5678e-05   1.7808e-22  -4.2389e-22   1.0259e-21  -4.2389e-22   4.2389e-22   4.2389e-22
855  13.817217   1.5702e-05   1.5702e-05   1.5702e-05   1.5702e-05  -8.4776e-25  -8.4776e-25   8.4776e-25  -8.4776e-25   8.4776e-25   8.4776e-25
860  13.820474   1.5726e-05   1.5726e-05   1.5726e-05   1.5726e-05  -3.5028e-22  -9.5400e-22   1.5577e-21   7.4007e-22   9.5400e-22  -7.4007e-22
865  13.823737   1.5750e-05   1.5750e-05   1.5750e-05   1.5750e-05   5.7416e-22   5.7416e-22  -5.7416e-22   5.7416e-22  -5.7416e-22  -5.7416e-22
870  13.827006   1.5774e-05   1.5774e-05   1.5774e-05   1.5774e-05  -7.6364e-22  -7.6364e-22   7.6364e-22  -7.6364e-22   7.6364e-22   7.6364e-22
875  13.830280   1.5798e-05   1.5798e-05   1.5798e-05   1.5798e-05   2.0258e-22   2.0258e-22  -2.0258e-22   2.0258e-22  -2.0258e-22  -2.0258e-22
880  13.833560   1.5822e-05   1.5822e-05   1.5822e-05   1.5822e-05  -2.3782e-22  -8.4505e-22   1.4523e-21  -8.4505e-22   8.4505e-22  -8.4902e-22
885  13.836846   1.5847e-05   1.5847e-05   1.5847e-05   1.5847e-05  -3.1584e-22  -3.1584e-22   3.1584e-22  -3.1584e-22   3.1584e-22   3.1584e-22
890  13.840138   1.5871e-05   1.5871e-05   1.5871e-05   1.5871e-05  -1.4784e-22  -1.4784e-22   1.4784e-22  -1.4784e-22   1.4784e-22   1.4784e-22
895  13.843436   1.5895e-05   1.5895e-05   1.5895e-05   1.5895e-05  -7.3307e-22  -7.3307e-22   7.3307e-22  -7.3307e-22   7.3307e-22   7.3307e-22
900  13.846740   1.5920e-05   1.5920e-05   1.5920e-05   1.5920e-05  -5.8335e-22  -5.8335e-22   5.8335e-22  -5.8335e-22   5.8335e-22   5.8335e-22
905  13.850049   1.5944e-05   1.5944e-05   1.5944e-05   1.5944e-05  -7.5308e-22  -7.5308e-22   7.5308e-22  -7.5308e-22   7.5308e-22   7.5308e-22
910  13.853365   1.5969e-05   1.5969e-05   1.5969e-05   1.5969e-05  -3.7615e-22  -9.8873e-22   1.6013e-21   7.0534e-22   9.8873e-22  -7.0534e-22
915  13.856686   1.5994e-05   1.5994e-05   1.5994e-05   1.5994e-05   5.6611e-22   5.6611e-22  -5.6611e-22   5.6611e-22  -5.6611e-22  -5.6611e-22
920  13.860013   1.6019e-05   1.6019e-05   1.6019e-05   1.6019e-05  -3.6777e-22  -3.6777e-22   3.6777e-22  -3.6777e-22   3.6777e-22   3.6777e-22
925  13.863346   1.6043e-05   1.6043e-05   1.6043e-05   1.6043e-05  -6.0277e-22  -6.0277e-22   6.0277e-22  -6.0277e-22   6.0277e-22   6.0277e-22
930  13.866686   1.6068e-05   1.6068e-05   1.6068e-05   1.6068e-05   5.4257e-22   5.4257e-22  -5.4257e-22   5.4257e-22  -5.4257e-22  -5.4257e-22
935  13.870031   1.6093e-05   1.6093e-05   1.6093e-05   1.6093e-05   1.4191e-21   8.0197e-22  -1.8488e-22  -8.9210e-22  -8.0197e-22  -8.0197e-22
940  13.873382   1.6118e-05   1.6118e-05   1.6118e-05   1.6118e-05  -1.2006e-22  -7.3807e-22   1.3561e-21  -7.3807e-22   7.3807e-22  -9.5600e-22
945  13.876739   1.6144e-05   1.6144e-05   1.6144e-05   1.6144e-05   6.7908e-22   6.0160e-23   5.5876e-22  -1.6339e-21  -6.0160e-23  -6.0160e-23
950  13.880103   1.6169e-05   1.6169e-05   1.6169e-05   1.6169e-05   5.0935e-23   5.0935e-23  -5.0935e-23   5.0935e-23  -5.0935e-23  -5.0935e-23
955  13.883472   1.6194e-05   1.6194e-05   1.6194e-05   1.6194e-05   2.3191e-22   2.3191e-22  -2.3191e-22   2.3191e-22  -2.3191e-22  -2.3191e-22
960  13.886848   1.6220e-05   1.6220e-05   1.6220e-05   1.6220e-05  -8.0268e-22  -1.4244e-21   2.0461e-21   2.6970e-22   1.4244e-21  -2.6970e-22
965  13.890229   1.6245e-05   1.6245e-05   1.6245e-05   1.6245e-05   6.2436e-22   6.2436e-22  -6.2436e-22   6.2436e-22  -6.2436e-22  -6.2436e-22
970  13.893617   1.6271e-05   1.6271e-05   1.6271e-05   1.6271e-05  -1.0788e-22  -1.0788e-22   1.0788e-22  -1.0788e-22   1.0788e-22   1.0788e-22
975  13.897011   1.6296e-05   1.6296e-05   1.6296e-05   1.6296e-05   7.6130e-22   7.6130e-22  -7.6130e-22   7.6130e-22  -7.6130e-22  -7.6130e-22
980  13.900411   1.6322e-05   1.6322e-05   1.6322e-05   1.6322e-05   8.2532e-22   8.2532e-22  -8.2532e-22   8.2532e-22  -8.2532e-22  -8.2532e-22
985  13.903818   1.6348e-05   1.6348e-05   1.6348e-05   1.6348e-05  -2.4074e-22  -2.4074e-22   2.4074e-22  -2.4074e-22   2.4074e-22   2.4074e-22
990  13.907230   1.6372e-05   1.6372e-05   1.6372e-05   1.6372e-05  -1.7787e-22  -1.7787e-22   1.7787e-22  -1.7787e-22   1.7787e-22   1.7787e-22
995  13.910648   1.6395e-05   1.6395e-05   1.6395e-05   1.6395e-05   5.8690e-22   5.8690e-22  -5.8690e-22   5.8690e-22  -5.8690e-22  -5.8690e-22
1000  13.914072   1.6417e-05   1.6417e-05   1.6417e-05   1.6417e-05   8.7492e-22   2.4610e-22   3.8272e-22  -1.4480e-21  -2.4610e-22  -2.4610e-22
