#T volume alpha alpha_xx alpha_yy alpha_zz alpha_yz alpha_zy alpha_xz alpha_zx alpha_xy alpha_yx
5  16.649409   9.4456e-09   9.4456e-09   9.4456e-09   9.4456e-09   1.0939e-25   1.0939e-25   1.0939e-25  -1.0939e-25  -1.0939e-25  -1.0939e-25
10  16.649412   2.3131e-08   2.3131e-08   2.3131e-08   2.3131e-08   2.0876e-25   2.0876e-25   2.0876e-25  -2.0876e-25  -2.0876e-25  -2.0876e-25
15  16.649424   8.2508e-08   8.2508e-08   8.2508e-08   8.2508e-08   1.1498e-25   1.1498e-25   1.1498e-25  -1.1498e-25  -1.1498e-25  -1.1498e-25
20  16.649459   2.1742e-07   2.1742e-07   2.1742e-07   2.1742e-07  -4.9519e-24  -4.9519e-24  -4.9519e-24   4.9519e-24   4.9519e-24   4.9519e-24
25  16.649543   4.7951e-07   4.7951e-07   4.7951e-07   4.7951e-07  -2.2615e-23  -2.2615e-23  -2.2615e-23   2.2615e-23   2.2615e-23   2.2615e-23
30  16.649712   8.9781e-07   8.9781e-07   8.9781e-07   8.9781e-07  -9.9219e-24  -9.9219e-24  -9.9219e-24   9.9219e-24   9.9219e-24   9.9219e-24
35  16.650005   1.4725e-06   1.4725e-06   1.4725e-06   1.4725e-06   2.8898e-23   2.8898e-23   2.8898e-23  -2.8898e-23  -2.8898e-23  -2.8898e-23
40  16.650459   2.1822e-06   2.1822e-06   2.1822e-06   2.1822e-06   5.0121e-23   5.0121e-23   5.0121e-23  -5.0121e-23  -5.0121e-23  -5.0121e-23
45  16.651103   2.9956e-06   2.9956e-06   2.9956e-06   2.9956e-06   9.5831e-23   9.5831e-23   9.5831e-23  -9.5831e-23  -9.5831e-23  -9.5831e-23
50  16.651961   3.8797e-06   3.8797e-06   3.8797e-06   3.8797e-06   1.2984e-22   1.2984e-22   1.2984e-22  -1.2984e-22  -1.2984e-22  -1.2984e-22
55  16.653045   4.8049e-06   4.8049e-06   4.8049e-06   4.8049e-06  -1.9059e-22  -1.9059e-22  -1.9059e-22   1.9059e-22   1.9059e-22   1.9059e-22
60  16.654363   5.7463e-06   5.7463e-06   5.7463e-06   5.7463e-06  -1.0640e-22  -1.0640e-22  -1.0640e-22   1.0640e-22   1.0640e-22   1.0640e-22
65  16.655916   6.6843e-06   6.6844e-06   6.6844e-06   6.6844e-06   1.8719e-22   1.8719e-22   1.8719e-22  -1.8719e-22  -1.8719e-22  -1.8719e-22
70  16.657701   7.6043e-06   7.6043e-06   7.6043e-06   7.6043e-06  -4.7188e-23  -4.7188e-23  -4.7188e-23   4.7188e-23   4.7188e-23   4.7188e-23
75  16.659714   8.4957e-06   8.4958e-06   8.4958e-06   8.4958e-06  -3.5519e-22  -3.5519e-22  -3.5519e-22   3.5519e-22   3.5519e-22   3.5519e-22
80  16.661945   9.3516e-06   9.3516e-06   9.3516e-06   9.3516e-06   4.1816e-22   4.1816e-22   4.1816e-22  -4.1816e-22  -4.1816e-22  -4.1816e-22
85  16.664385   1.0168e-05   1.0168e-05   1.0168e-05   1.0168e-05  -5.9506e-23  -5.9506e-23  -5.9506e-23   5.9506e-23   5.9506e-23   5.9506e-23
90  16.667024   1.0941e-05   1.0941e-05   1.0941e-05   1.0941e-05  -4.1882e-22  -4.1882e-22  -4.1882e-22   4.1882e-22   4.1882e-22   4.1882e-22
95  16.669852   1.1672e-05   1.1672e-05   1.1672e-05   1.1672e-05   3.9131e-22   3.9131e-22   3.9131e-22  -3.9131e-22  -3.9131e-22  -3.9131e-22
100  16.672858   1.2361e-05   1.2361e-05   1.2361e-05   1.2361e-05  -3.0540e-22  -3.0540e-22  -3.0540e-22   3.0540e-22   3.0540e-22   3.0540e-22
105  16.676031   1.3007e-05   1.3008e-05   1.3008e-05   1.3008e-05  -2.4704e-22  -2.4704e-22  -2.4704e-22   2.4704e-22   2.4704e-22   2.4704e-22
110  16.679362   1.3615e-05   1.3615e-05   1.3615e-05   1.3615e-05   2.5798e-22   2.5798e-22   2.5798e-22  -2.5798e-22  -2.5798e-22  -2.5798e-22
115  16.682841   1.4184e-05   1.4184e-05   1.4184e-05   1.4184e-05   3.2214e-22   3.2214e-22   3.2214e-22  -3.2214e-22  -3.2214e-22  -3.2214e-22
120  16.686458   1.4717e-05   1.4717e-05   1.4717e-05   1.4717e-05   2.0974e-22   1.7264e-22   2.0974e-22  -1.7264e-22   6.5584e-22   6.5584e-22
125  16.690205   1.5217e-05   1.5217e-05   1.5217e-05   1.5217e-05  -3.5069e-22  -3.5069e-22  -3.5069e-22   3.5069e-22   3.5069e-22   3.5069e-22
130  16.694074   1.5685e-05   1.5686e-05   1.5686e-05   1.5686e-05  -5.5069e-22  -5.5069e-22  -5.5069e-22   5.5069e-22   5.5069e-22   5.5069e-22
135  16.698058   1.6125e-05   1.6125e-05   1.6125e-05   1.6125e-05   1.9197e-23   1.9197e-23   1.9197e-23  -1.9197e-23  -1.9197e-23  -1.9197e-23
140  16.702150   1.6537e-05   1.6537e-05   1.6537e-05   1.6537e-05   2.3494e-22   2.3494e-22   2.3494e-22  -2.3494e-22  -2.3494e-22  -2.3494e-22
145  16.706342   1.6925e-05   1.6925e-05   1.6925e-05   1.6925e-05   7.1540e-22   7.1540e-22   7.1540e-22  -7.1540e-22  -7.1540e-22  -7.1540e-22
150  16.710630   1.7289e-05   1.7289e-05   1.7289e-05   1.7289e-05  -4.7085e-22  -4.7085e-22  -4.7085e-22   4.7085e-22   4.7085e-22   4.7085e-22
155  16.715008   1.7631e-05   1.7631e-05   1.7631e-05   1.7631e-05  -4.2146e-22  -4.2146e-22  -4.2146e-22   4.2146e-22   4.2146e-22   4.2146e-22
160  16.719470   1.7954e-05   1.7954e-05   1.7954e-05   1.7954e-05   1.3571e-24   1.3571e-24   1.3571e-24  -1.3571e-24  -1.3571e-24  -1.3571e-24
165  16.724012   1.8259e-05   1.8259e-05   1.8259e-05   1.8259e-05   2.8300e-22   2.8300e-22   2.8300e-22  -2.8300e-22  -2.8300e-22  -2.8300e-22
170  16.728629   1.8546e-05   1.8546e-05   1.8546e-05   1.8546e-05   5.1272e-22   5.1272e-22   5.1272e-22  -5.1272e-22  -5.1272e-22  -5.1272e-22
175  16.733318   1.8818e-05   1.8818e-05   1.8818e-05   1.8818e-05   2.6395e-22   2.6395e-22   2.6395e-22  -2.6395e-22  -2.6395e-22  -2.6395e-22
180  16.738075   1.9076e-05   1.9076e-05   1.9076e-05   1.9076e-05   5.4931e-22   5.4931e-22   5.4931e-22  -5.4931e-22  -5.4931e-22  -5.4931e-22
185  16.742896   1.9320e-05   1.9320e-05   1.9320e-05   1.9320e-05  -8.0896e-22  -8.0896e-22  -8.0896e-22   8.0896e-22   8.0896e-22   8.0896e-22
190  16.747778   1.9552e-05   1.9552e-05   1.9552e-05   1.9552e-05  -7.8185e-22  -7.8185e-22  -7.8185e-22   7.8185e-22   7.8185e-22   7.8185e-22
195  16.752719   1.9773e-05   1.9773e-05   1.9773e-05   1.9773e-05  -2.4187e-22  -2.4187e-22  -2.4187e-22   2.4187e-22   2.4187e-22   2.4187e-22
200  16.757715   1.9983e-05   1.9983e-05   1.9983e-05   1.9983e-05  -1.8143e-22  -1.8143e-22  -1.8143e-22   1.8143e-22   1.8143e-22   1.8143e-22
205  16.762764   2.0184e-05   2.0184e-05   2.0184e-05   2.0184e-05   7.0050e-22   7.0050e-22   7.0050e-22  -7.0050e-22  -7.0050e-22  -7.0050e-22
210  16.767864   2.0375e-05   2.0375e-05   2.0375e-05   2.0375e-05   3.7133e-22   3.7133e-22   3.7133e-22  -3.7133e-22  -3.7133e-22  -3.7133e-22
215  16.773013   2.0558e-05   2.0558e-05   2.0558e-05   2.0558e-05  -6.9597e-23  -6.9597e-23  -6.9597e-23   6.9597e-23   6.9597e-23   6.9597e-23
220  16.778208   2.0734e-05   2.0734e-05   2.0734e-05   2.0734e-05   7.0028e-22   7.0028e-22   7.0028e-22  -7.0028e-22  -7.0028e-22  -7.0028e-22
225  16.783448   2.0902e-05   2.0902e-05   2.0902e-05   2.0902e-05  -1.7005e-22  -1.7005e-22  -1.7005e-22   1.7005e-22   1.7005e-22   1.7005e-22
230  16.788732   2.1063e-05   2.1063e-05   2.1063e-05   2.1063e-05   6.6490e-23   6.6490e-23   6.6490e-23  -6.6490e-23  -6.6490e-23  -6.6490e-23
235  16.794057   2.1219e-05   2.1219e-05   2.1219e-05   2.1219e-05  -3.0813e-22  -3.0813e-22  -3.0813e-22   3.0813e-22   3.0813e-22   3.0813e-22
240  16.799422   2.1368e-05   2.1368e-05   2.1368e-05   2.1368e-05   3.3258e-22   3.3258e-22   3.3258e-22  -3.3258e-22  -3.3258e-22  -3.3258e-22
245  16.804826   2.1512e-05   2.1512e-05   2.1512e-05   2.1512e-05  -4.5940e-22  -4.5940e-22  -4.5940e-22   4.5940e-22   4.5940e-22   4.5940e-22
250  16.810267   2.1652e-05   2.1652e-05   2.1652e-05   2.1652e-05  -3.1400e-23  -3.1400e-23  -3.1400e-23   3.1400e-23   3.1400e-23   3.1400e-23
255  16.815744   2.1786e-05   2.1786e-05   2.1786e-05   2.1786e-05   6.8625e-22   6.8625e-22   6.8625e-22  -6.8625e-22  -6.8625e-22  -6.8625e-22
260  16.821257   2.1917e-05   2.1917e-05   2.1917e-05   2.1917e-05   3.2765e-22   3.2765e-22   3.2765e-22  -3.2765e-22  -3.2765e-22  -3.2765e-22
265  16.826804   2.2043e-05   2.2043e-05   2.2043e-05   2.2043e-05  -8.1688e-22  -8.1688e-22  -8.1688e-22   8.1688e-22   8.1688e-22   8.1688e-22
270  16.832384   2.2165e-05   2.2165e-05   2.2165e-05   2.2165e-05   2.1110e-22   2.1110e-22   2.1110e-22  -2.1110e-22  -2.1110e-22  -2.1110e-22
275  16.837996   2.2284e-05   2.2284e-05   2.2284e-05   2.2284e-05  -3.5735e-22  -3.5735e-22  -3.5735e-22   3.5735e-22   3.5735e-22   3.5735e-22
280  16.843640   2.2400e-05   2.2400e-05   2.2400e-05   2.2400e-05   2.9271e-22   2.9271e-22   2.9271e-22  -2.9271e-22  -2.9271e-22  -2.9271e-22
285  16.849315   2.2513e-05   2.2513e-05   2.2513e-05   2.2513e-05  -6.8467e-22  -6.8467e-22  -6.8467e-22   6.8467e-22   6.8467e-22   6.8467e-22
290  16.855020   2.2622e-05   2.2622e-05   2.2622e-05   2.2622e-05  -3.8832e-22  -3.8832e-22  -3.8832e-22   3.8832e-22   3.8832e-22   3.8832e-22
295  16.860754   2.2730e-05   2.2730e-05   2.2730e-05   2.2730e-05   7.1835e-22   7.1835e-22   7.1835e-22  -7.1835e-22  -7.1835e-22  -7.1835e-22
300  16.866517   2.2834e-05   2.2834e-05   2.2834e-05   2.2834e-05   6.0716e-22   6.0716e-22   6.0716e-22  -6.0716e-22  -6.0716e-22  -6.0716e-22
305  16.872308   2.2936e-05   2.2936e-05   2.2936e-05   2.2936e-05   6.9060e-22   6.9060e-22   6.9060e-22  -6.9060e-22  -6.9060e-22  -6.9060e-22
310  16.878126   2.3037e-05   2.3037e-05   2.3037e-05   2.3037e-05   1.9491e-22   1.9491e-22   1.9491e-22  -1.9491e-22  -1.9491e-22  -1.9491e-22
315  16.883972   2.3135e-05   2.3135e-05   2.3135e-05   2.3135e-05  -4.4175e-22  -4.4175e-22  -4.4175e-22   4.4175e-22   4.4175e-22   4.4175e-22
320  16.889844   2.3231e-05   2.3231e-05   2.3231e-05   2.3231e-05   7.6086e-22   7.6086e-22   7.6086e-22  -7.6086e-22  -7.6086e-22  -7.6086e-22
325  16.895743   2.3325e-05   2.3325e-05   2.3325e-05   2.3325e-05   2.8913e-22   2.8913e-22   2.8913e-22  -2.8913e-22  -2.8913e-22  -2.8913e-22
330  16.901667   2.3418e-05   2.3418e-05   2.3418e-05   2.3418e-05   7.8154e-22   7.8154e-22   7.8154e-22  -7.8154e-22  -7.8154e-22  -7.8154e-22
335  16.907617   2.3509e-05   2.3509e-05   2.3509e-05   2.3509e-05  -4.3210e-22  -4.3210e-22  -4.3210e-22   4.3210e-22   4.3210e-22   4.3210e-22
340  16.913592   2.3599e-05   2.3599e-05   2.3599e-05   2.3599e-05  -7.5581e-22  -7.5581e-22  -7.5581e-22   7.5581e-22   7.5581e-22   7.5581e-22
345  16.919591   2.3688e-05   2.3688e-05   2.3688e-05   2.3688e-05  -8.1369e-22  -8.1369e-22  -8.1369e-22   8.1369e-22   8.1369e-22   8.1369e-22
350  16.925615   2.3775e-05   2.3775e-05   2.3775e-05   2.3775e-05  -8.4005e-22  -8.4005e-22  -8.4005e-22   8.4005e-22   8.4005e-22   8.4005e-22
355  16.931663   2.3861e-05   2.3861e-05   2.3861e-05   2.3861e-05   2.7835e-23   2.7835e-23   2.7835e-23  -2.7835e-23  -2.7835e-23  -2.7835e-23
360  16.937735   2.3946e-05   2.3946e-05   2.3946e-05   2.3946e-05  -1.4957e-22  -1.4957e-22  -1.4957e-22   1.4957e-22   1.4957e-22   1.4957e-22
365  16.943831   2.4030e-05   2.4030e-05   2.4030e-05   2.4030e-05  -1.6253e-23  -1.6253e-23  -1.6253e-23   1.6253e-23   1.6253e-23   1.6253e-23
370  16.949950   2.4113e-05   2.4113e-05   2.4113e-05   2.4113e-05   7.6243e-22   7.6243e-22   7.6243e-22  -7.6243e-22  -7.6243e-22  -7.6243e-22
375  16.956092   2.4195e-05   2.4195e-05   2.4195e-05   2.4195e-05   4.0955e-22   4.0955e-22   4.0955e-22  -4.0955e-22  -4.0955e-22  -4.0955e-22
380  16.962257   2.4276e-05   2.4276e-05   2.4276e-05   2.4276e-05  -6.8399e-25  -6.8399e-25  -6.8399e-25   6.8399e-25   6.8399e-25   6.8399e-25
385  16.968445   2.4356e-05   2.4356e-05   2.4356e-05   2.4356e-05   3.6759e-22   3.6759e-22   3.6759e-22  -3.6759e-22  -3.6759e-22  -3.6759e-22
390  16.974656   2.4436e-05   2.4436e-05   2.4436e-05   2.4436e-05  -1.2609e-22  -1.2609e-22  -1.2609e-22   1.2609e-22   1.2609e-22   1.2609e-22
395  16.980889   2.4515e-05   2.4515e-05   2.4515e-05   2.4515e-05  -1.7065e-23  -1.7065e-23  -1.7065e-23   1.7065e-23   1.7065e-23   1.7065e-23
400  16.987145   2.4594e-05   2.4594e-05   2.4594e-05   2.4594e-05  -4.7096e-22  -4.7096e-22  -4.7096e-22   4.7096e-22   4.7096e-22   4.7096e-22
405  16.993422   2.4672e-05   2.4672e-05   2.4672e-05   2.4672e-05   3.1648e-22   3.1648e-22   3.1648e-22  -3.1648e-22  -3.1648e-22  -3.1648e-22
410  16.999722   2.4749e-05   2.4749e-05   2.4749e-05   2.4749e-05  -7.4927e-22  -7.4927e-22  -7.4927e-22   7.4927e-22   7.4927e-22   7.4927e-22
415  17.006044   2.4826e-05   2.4826e-05   2.4826e-05   2.4826e-05  -7.8893e-22  -7.8893e-22  -7.8893e-22   7.8893e-22   7.8893e-22   7.8893e-22
420  17.012388   2.4903e-05   2.4903e-05   2.4903e-05   2.4903e-05   6.0895e-22   6.0895e-22   6.0895e-22  -6.0895e-22  -6.0895e-22  -6.0895e-22
425  17.018754   2.4979e-05   2.4979e-05   2.4979e-05   2.4979e-05  -5.5930e-22  -5.5930e-22  -5.5930e-22   5.5930e-22   5.5930e-22   5.5930e-22
430  17.025142   2.5055e-05   2.5055e-05   2.5055e-05   2.5055e-05  -3.2008e-22  -3.2008e-22  -3.2008e-22   3.2008e-22   3.2008e-22   3.2008e-22
435  17.031551   2.5131e-05   2.5131e-05   2.5131e-05   2.5131e-05  -4.5584e-22  -4.5584e-22  -4.5584e-22   4.5584e-22   4.5584e-22   4.5584e-22
440  17.037982   2.5206e-05   2.5206e-05   2.5206e-05   2.5206e-05  -1.8744e-22  -1.8744e-22  -1.8744e-22   1.8744e-22   1.8744e-22   1.8744e-22
445  17.044435   2.5281e-05   2.5281e-05   2.5281e-05   2.5281e-05   2.9366e-22   2.9366e-22   2.9366e-22  -2.9366e-22  -2.9366e-22  -2.9366e-22
450  17.050909   2.5356e-05   2.5356e-05   2.5356e-05   2.5356e-05  -2.8798e-22  -2.8798e-22  -2.8798e-22   2.8798e-22   2.8798e-22   2.8798e-22
455  17.057405   2.5431e-05   2.5430e-05   2.5430e-05   2.5430e-05  -5.0263e-22  -5.0263e-22  -5.0263e-22   5.0263e-22   5.0263e-22   5.0263e-22
460  17.063922   2.5505e-05   2.5505e-05   2.5505e-05   2.5505e-05  -3.3101e-22  -3.3101e-22  -3.3101e-22   3.3101e-22   3.3101e-22   3.3101e-22
465  17.070461   2.5580e-05   2.5579e-05   2.5579e-05   2.5579e-05  -7.9797e-22  -7.9797e-22  -7.9797e-22   7.9797e-22   7.9797e-22   7.9797e-22
470  17.077022   2.5654e-05   2.5654e-05   2.5654e-05   2.5654e-05  -7.7233e-22  -7.7233e-22  -7.7233e-22   7.7233e-22   7.7233e-22   7.7233e-22
475  17.083604   2.5728e-05   2.5728e-05   2.5728e-05   2.5728e-05  -3.5130e-23  -3.5130e-23  -3.5130e-23   3.5130e-23   3.5130e-23   3.5130e-23
480  17.090208   2.5802e-05   2.5802e-05   2.5802e-05   2.5802e-05  -5.1934e-22  -5.1934e-22  -5.1934e-22   5.1934e-22   5.1934e-22   5.1934e-22
485  17.096833   2.5877e-05   2.5877e-05   2.5877e-05   2.5877e-05  -1.4992e-22  -1.4992e-22  -1.4992e-22   1.4992e-22   1.4992e-22   1.4992e-22
490  17.103480   2.5951e-05   2.5951e-05   2.5951e-05   2.5951e-05  -4.2805e-22  -4.2805e-22  -4.2805e-22   4.2805e-22   4.2805e-22   4.2805e-22
495  17.110149   2.6025e-05   2.6025e-05   2.6025e-05   2.6025e-05  -1.2444e-22  -1.2444e-22  -1.2444e-22   1.2444e-22   1.2444e-22   1.2444e-22
500  17.116839   2.6100e-05   2.6100e-05   2.6100e-05   2.6100e-05  -6.3822e-22  -6.3822e-22  -6.3822e-22   6.3822e-22   6.3822e-22   6.3822e-22
505  17.123551   2.6174e-05   2.6174e-05   2.6174e-05   2.6174e-05   5.6796e-22   5.6796e-22   5.6796e-22  -5.6796e-22  -5.6796e-22  -5.6796e-22
510  17.130285   2.6249e-05   2.6249e-05   2.6249e-05   2.6249e-05  -7.9874e-22  -7.9874e-22  -7.9874e-22   7.9874e-22   7.9874e-22   7.9874e-22
515  17.137040   2.6323e-05   2.6323e-05   2.6323e-05   2.6323e-05   7.5251e-22   7.5251e-22   7.5251e-22  -7.5251e-22  -7.5251e-22  -7.5251e-22
520  17.143818   2.6398e-05   2.6398e-05   2.6398e-05   2.6398e-05  -1.0493e-22  -1.0493e-22  -1.0493e-22   1.0493e-22   1.0493e-22   1.0493e-22
525  17.150617   2.6473e-05   2.6473e-05   2.6473e-05   2.6473e-05   8.9631e-23   8.9631e-23   8.9631e-23  -8.9631e-23  -8.9631e-23  -8.9631e-23
530  17.157439   2.6548e-05   2.6548e-05   2.6548e-05   2.6548e-05   6.5550e-22   6.5550e-22   6.5550e-22  -6.5550e-22  -6.5550e-22  -6.5550e-22
535  17.164282   2.6624e-05   2.6624e-05   2.6624e-05   2.6624e-05   7.3345e-23   7.3345e-23   7.3345e-23  -7.3345e-23  -7.3345e-23  -7.3345e-23
540  17.171148   2.6699e-05   2.6699e-05   2.6699e-05   2.6699e-05   2.3221e-23   2.3221e-23   2.3221e-23  -2.3221e-23  -2.3221e-23  -2.3221e-23
545  17.178036   2.6775e-05   2.6775e-05   2.6775e-05   2.6775e-05   2.9295e-22   2.9295e-22   2.9295e-22  -2.9295e-22  -2.9295e-22  -2.9295e-22
550  17.184946   2.6851e-05   2.6851e-05   2.6851e-05   2.6851e-05   3.4537e-22   3.4537e-22   3.4537e-22  -3.4537e-22  -3.4537e-22  -3.4537e-22
555  17.191879   2.6927e-05   2.6927e-05   2.6927e-05   2.6927e-05   7.6624e-23   7.6624e-23   7.6624e-23  -7.6624e-23  -7.6624e-23  -7.6624e-23
560  17.198834   2.7004e-05   2.7004e-05   2.7004e-05   2.7004e-05   7.7190e-22   7.7190e-22   7.7190e-22  -7.7190e-22  -7.7190e-22  -7.7190e-22
565  17.205812   2.7081e-05   2.7081e-05   2.7081e-05   2.7081e-05   1.4751e-22   1.4751e-22   1.4751e-22  -1.4751e-22  -1.4751e-22  -1.4751e-22
570  17.212813   2.7158e-05   2.7158e-05   2.7158e-05   2.7158e-05  -5.2706e-22  -5.2706e-22  -5.2706e-22   5.2706e-22   5.2706e-22   5.2706e-22
575  17.219836   2.7236e-05   2.7236e-05   2.7236e-05   2.7236e-05   8.2639e-22   8.2639e-22   8.2639e-22  -8.2639e-22  -8.2639e-22  -8.2639e-22
580  17.226883   2.7314e-05   2.7314e-05   2.7314e-05   2.7314e-05  -3.1905e-22  -3.1905e-22  -3.1905e-22   3.1905e-22   3.1905e-22   3.1905e-22
585  17.233952   2.7392e-05   2.7392e-05   2.7392e-05   2.7392e-05  -2.7894e-22  -2.7894e-22  -2.7894e-22   2.7894e-22   2.7894e-22   2.7894e-22
590  17.241045   2.7470e-05   2.7470e-05   2.7470e-05   2.7470e-05   6.2875e-22   6.2875e-22   6.2875e-22  -6.2875e-22  -6.2875e-22  -6.2875e-22
595  17.248161   2.7550e-05   2.7550e-05   2.7550e-05   2.7550e-05   8.3647e-22   8.3647e-22   8.3647e-22  -8.3647e-22  -8.3647e-22  -8.3647e-22
600  17.255300   2.7629e-05   2.7629e-05   2.7629e-05   2.7629e-05   5.4303e-22   5.4303e-22   5.4303e-22  -5.4303e-22  -5.4303e-22  -5.4303e-22
605  17.262463   2.7709e-05   2.7709e-05   2.7709e-05   2.7709e-05  -5.9805e-22  -5.9805e-22  -5.9805e-22   5.9805e-22   5.9805e-22   5.9805e-22
610  17.269650   2.7789e-05   2.7789e-05   2.7789e-05   2.7789e-05   8.1386e-22   8.1386e-22   8.1386e-22  -8.1386e-22  -8.1386e-22  -8.1386e-22
615  17.276861   2.7870e-05   2.7870e-05   2.7870e-05   2.7870e-05  -5.2208e-22  -5.2208e-22  -5.2208e-22   5.2208e-22   5.2208e-22   5.2208e-22
620  17.284095   2.7951e-05   2.7951e-05   2.7951e-05   2.7951e-05  -7.9411e-22  -7.9411e-22  -7.9411e-22   7.9411e-22   7.9411e-22   7.9411e-22
625  17.291354   2.8033e-05   2.8033e-05   2.8033e-05   2.8033e-05  -6.2900e-22  -6.2900e-22  -6.2900e-22   6.2900e-22   6.2900e-22   6.2900e-22
630  17.298637   2.8115e-05   2.8115e-05   2.8115e-05   2.8115e-05   5.0244e-22   5.0244e-22   5.0244e-22  -5.0244e-22  -5.0244e-22  -5.0244e-22
635  17.305944   2.8191e-05   2.8191e-05   2.8191e-05   2.8191e-05   1.0578e-22   1.0578e-22   1.0578e-22  -1.0578e-22  -1.0578e-22  -1.0578e-22
640  17.313272   2.8258e-05   2.8258e-05   2.8258e-05   2.8258e-05  -1.6344e-22  -1.6344e-22  -1.6344e-22   1.6344e-22   1.6344e-22   1.6344e-22
645  17.320621   2.8319e-05   2.8319e-05   2.8319e-05   2.8319e-05   8.1634e-22   8.1634e-22   8.1634e-22  -8.1634e-22  -8.1634e-22  -8.1634e-22
650  17.327987   2.8378e-05   2.8378e-05   2.8378e-05   2.8378e-05   1.2201e-22   1.2201e-22   1.2201e-22  -1.2201e-22  -1.2201e-22  -1.2201e-22
655  17.335373   2.8438e-05   2.8438e-05   2.8438e-05   2.8438e-05   5.5578e-23   5.5578e-23   5.5578e-23  -5.5578e-23  -5.5578e-23  -5.5578e-23
660  17.342777   2.8498e-05   2.8498e-05   2.8498e-05   2.8498e-05  -4.0656e-22  -4.0656e-22  -4.0656e-22   4.0656e-22   4.0656e-22   4.0656e-22
665  17.350200   2.8558e-05   2.8558e-05   2.8558e-05   2.8558e-05  -7.4096e-22  -7.4096e-22  -7.4096e-22   7.4096e-22   7.4096e-22   7.4096e-22
670  17.357642   2.8619e-05   2.8619e-05   2.8619e-05   2.8619e-05   6.4142e-22   6.4142e-22   6.4142e-22  -6.4142e-22  -6.4142e-22  -6.4142e-22
675  17.365102   2.8679e-05   2.8679e-05   2.8679e-05   2.8679e-05   1.5664e-22   1.5664e-22   1.5664e-22  -1.5664e-22  -1.5664e-22  -1.5664e-22
680  17.372582   2.8740e-05   2.8740e-05   2.8740e-05   2.8740e-05  -2.5504e-22  -2.5504e-22  -2.5504e-22   2.5504e-22   2.5504e-22   2.5504e-22
685  17.380081   2.8801e-05   2.8801e-05   2.8801e-05   2.8801e-05   2.7570e-22   2.7570e-22   2.7570e-22  -2.7570e-22  -2.7570e-22  -2.7570e-22
690  17.387599   2.8863e-05   2.8863e-05   2.8863e-05   2.8863e-05   3.7338e-22   3.7338e-22   3.7338e-22  -3.7338e-22  -3.7338e-22  -3.7338e-22
695  17.395137   2.8924e-05   2.8924e-05   2.8924e-05   2.8924e-05  -3.9153e-22  -3.9153e-22  -3.9153e-22   3.9153e-22   3.9153e-22   3.9153e-22
700  17.402693   2.8986e-05   2.8986e-05   2.8986e-05   2.8986e-05  -5.4107e-22  -5.4107e-22  -5.4107e-22   5.4107e-22   5.4107e-22   5.4107e-22
705  17.410270   2.9048e-05   2.9049e-05   2.9049e-05   2.9049e-05  -7.2295e-22  -7.2295e-22  -7.2295e-22   7.2295e-22   7.2295e-22   7.2295e-22
710  17.417866   2.9111e-05   2.9111e-05   2.9111e-05   2.9111e-05   6.1015e-22   6.1015e-22   6.1015e-22  -6.1015e-22  -6.1015e-22  -6.1015e-22
715  17.425481   2.9174e-05   2.9174e-05   2.9174e-05   2.9174e-05   1.0764e-22   1.0764e-22   1.0764e-22  -1.0764e-22  -1.0764e-22  -1.0764e-22
720  17.433117   2.9237e-05   2.9237e-05   2.9237e-05   2.9237e-05   7.4344e-22   7.4344e-22   7.4344e-22  -7.4344e-22  -7.4344e-22  -7.4344e-22
725  17.440772   2.9300e-05   2.9300e-05   2.9300e-05   2.9300e-05  -1.9192e-23  -1.9192e-23  -1.9192e-23   1.9192e-23   1.9192e-23   1.9192e-23
730  17.448447   2.9364e-05   2.9364e-05   2.9364e-05   2.9364e-05   7.3221e-22   7.3221e-22   7.3221e-22  -7.3221e-22  -7.3221e-22  -7.3221e-22
735  17.456142   2.9428e-05   2.9428e-05   2.9428e-05   2.9428e-05   1.8180e-22   1.8180e-22   1.8180e-22  -1.8180e-22  -1.8180e-22  -1.8180e-22
740  17.463858   2.9492e-05   2.9492e-05   2.9492e-05   2.9492e-05   5.5047e-22   5.5047e-22   5.5047e-22  -5.5047e-22  -5.5047e-22  -5.5047e-22
745  17.471594   2.9557e-05   2.9557e-05   2.9557e-05   2.9557e-05  -3.8418e-22  -3.8418e-22  -3.8418e-22   3.8418e-22   3.8418e-22   3.8418e-22
750  17.479350   2.9622e-05   2.9622e-05   2.9622e-05   2.9622e-05   8.1216e-22   8.1216e-22   8.1216e-22  -8.1216e-22  -8.1216e-22  -8.1216e-22
755  17.487127   2.9687e-05   2.9688e-05   2.9688e-05   2.9688e-05   3.5475e-22   3.5475e-22   3.5475e-22  -3.5475e-22  -3.5475e-22  -3.5475e-22
760  17.494925   2.9753e-05   2.9753e-05   2.9753e-05   2.9753e-05   3.4084e-22   3.5582e-22   3.4084e-22  -3.5582e-22   1.3457e-21   1.3457e-21
765  17.502743   2.9819e-05   2.9820e-05   2.9820e-05   2.9820e-05  -4.8402e-22  -4.8402e-22  -4.8402e-22   4.8402e-22   4.8402e-22   4.8402e-22
770  17.510582   2.9886e-05   2.9886e-05   2.9886e-05   2.9886e-05   6.4269e-22   6.4269e-22   6.4269e-22  -6.4269e-22  -6.4269e-22  -6.4269e-22
775  17.518443   2.9953e-05   2.9953e-05   2.9953e-05   2.9953e-05  -1.1125e-22  -1.1125e-22  -1.1125e-22   1.1125e-22   1.1125e-22   1.1125e-22
780  17.526324   3.0020e-05   3.0020e-05   3.0020e-05   3.0020e-05  -7.3985e-22  -7.3985e-22  -7.3985e-22   7.3985e-22   7.3985e-22   7.3985e-22
785  17.534227   3.0088e-05   3.0088e-05   3.0088e-05   3.0088e-05  -1.3129e-22  -1.3129e-22  -1.3129e-22   1.3129e-22   1.3129e-22   1.3129e-22
790  17.542151   3.0156e-05   3.0156e-05   3.0156e-05   3.0156e-05  -5.9511e-22  -5.9511e-22  -5.9511e-22   5.9511e-22   5.9511e-22   5.9511e-22
795  17.550097   3.0224e-05   3.0225e-05   3.0225e-05   3.0225e-05   1.6322e-22   1.6322e-22   1.6322e-22  -1.6322e-22  -1.6322e-22  -1.6322e-22
800  17.558064   3.0293e-05   3.0294e-05   3.0294e-05   3.0294e-05  -3.9401e-22  -3.9401e-22  -3.9401e-22   3.9401e-22   3.9401e-22   3.9401e-22
805  17.566054   3.0363e-05   3.0363e-05   3.0363e-05   3.0363e-05  -3.5733e-22  -3.5733e-22  -3.5733e-22   3.5733e-22   3.5733e-22   3.5733e-22
810  17.574065   3.0433e-05   3.0433e-05   3.0433e-05   3.0433e-05   5.6006e-22   5.6006e-22   5.6006e-22  -5.6006e-22  -5.6006e-22  -5.6006e-22
815  17.582099   3.0503e-05   3.0503e-05   3.0503e-05   3.0503e-05   5.6909e-22   5.6909e-22   5.6909e-22  -5.6909e-22  -5.6909e-22  -5.6909e-22
820  17.590154   3.0574e-05   3.0574e-05   3.0574e-05   3.0574e-05   7.3893e-22   7.3893e-22   7.3893e-22  -7.3893e-22  -7.3893e-22  -7.3893e-22
825  17.598232   3.0645e-05   3.0645e-05   3.0645e-05   3.0645e-05   2.3181e-22   2.3181e-22   2.3181e-22  -2.3181e-22  -2.3181e-22  -2.3181e-22
830  17.606333   3.0717e-05   3.0717e-05   3.0717e-05   3.0717e-05   9.4902e-23   9.4902e-23   9.4902e-23  -9.4902e-23  -9.4902e-23  -9.4902e-23
835  17.614457   3.0789e-05   3.0789e-05   3.0789e-05   3.0789e-05   1.2399e-21   1.2399e-21   1.2399e-21  -1.2399e-21  -1.2399e-21  -1.2399e-21
840  17.622603   3.0861e-05   3.0862e-05   3.0862e-05   3.0862e-05  -1.3879e-21  -1.3879e-21  -1.3879e-21   1.3879e-21   1.3879e-21   1.3879e-21
845  17.630772   3.0935e-05   3.0935e-05   3.0935e-05   3.0935e-05   7.0730e-22   7.0730e-22   7.0730e-22  -7.0730e-22  -7.0730e-22  -7.0730e-22
850  17.638965   3.1008e-05   3.1008e-05   3.1008e-05   3.1008e-05   7.3842e-22   7.3842e-22   7.3842e-22  -7.3842e-22  -7.3842e-22  -7.3842e-22
855  17.647181   3.1082e-05   3.1083e-05   3.1083e-05   3.1083e-05   1.3837e-21   1.3837e-21   1.3837e-21  -1.3837e-21  -1.3837e-21  -1.3837e-21
860  17.655421   3.1157e-05   3.1157e-05   3.1157e-05   3.1157e-05  -4.3441e-22  -4.3441e-22  -4.3441e-22   4.3441e-22   4.3441e-22   4.3441e-22
865  17.663684   3.1232e-05   3.1233e-05   3.1233e-05   3.1233e-05   7.0839e-22   7.0839e-22   7.0839e-22  -7.0839e-22  -7.0839e-22  -7.0839e-22
870  17.671971   3.1308e-05   3.1308e-05   3.1308e-05   3.1308e-05   2.1279e-23   2.1279e-23   2.1279e-23  -2.1279e-23  -2.1279e-23  -2.1279e-23
875  17.680282   3.1385e-05   3.1385e-05   3.1385e-05   3.1385e-05  -1.6278e-22  -1.6278e-22  -1.6278e-22   1.6278e-22   1.6278e-22   1.6278e-22
880  17.688618   3.1462e-05   3.1462e-05   3.1462e-05   3.1462e-05   9.2929e-22   9.2929e-22   9.2929e-22  -9.2929e-22  -9.2929e-22  -9.2929e-22
885  17.696978   3.1539e-05   3.1539e-05   3.1539e-05   3.1539e-05  -1.3287e-21  -1.3287e-21  -1.3287e-21   1.3287e-21   1.3287e-21   1.3287e-21
890  17.705362   3.1617e-05   3.1617e-05   3.1617e-05   3.1617e-05  -1.7637e-22  -1.7637e-22  -1.7637e-22   1.7637e-22   1.7637e-22   1.7637e-22
895  17.713772   3.1696e-05   3.1696e-05   3.1696e-05   3.1696e-05   1.5684e-21   1.5684e-21   1.5684e-21  -1.5684e-21  -1.5684e-21  -1.5684e-21
900  17.722206   3.1775e-05   3.1775e-05   3.1775e-05   3.1775e-05  -1.2319e-21  -1.2319e-21  -1.2319e-21   1.2319e-21   1.2319e-21   1.2319e-21
905  17.730665   3.1855e-05   3.1855e-05   3.1855e-05   3.1855e-05   1.3966e-21   1.3966e-21   1.3966e-21  -1.3966e-21  -1.3966e-21  -1.3966e-21
910  17.739150   3.1935e-05   3.1936e-05   3.1936e-05   3.1936e-05  -6.6641e-22  -6.6641e-22  -6.6641e-22   6.6641e-22   6.6641e-22   6.6641e-22
915  17.747661   3.2017e-05   3.2017e-05   3.2017e-05   3.2017e-05  -4.8174e-22  -4.8174e-22  -4.8174e-22   4.8174e-22   4.8174e-22   4.8174e-22
920  17.756197   3.2098e-05   3.2098e-05   3.2098e-05   3.2098e-05  -1.1112e-21  -1.1112e-21  -1.1112e-21   1.1112e-21   1.1112e-21   1.1112e-21
925  17.764759   3.2181e-05   3.2181e-05   3.2181e-05   3.2181e-05  -1.6764e-21  -1.6764e-21  -1.6764e-21   1.6764e-21   1.6764e-21   1.6764e-21
930  17.773348   3.2264e-05   3.2264e-05   3.2264e-05   3.2264e-05   1.6033e-21   1.6033e-21   1.6033e-21  -1.6033e-21  -1.6033e-21  -1.6033e-21
