#T volume alpha alpha_xx alpha_yy alpha_zz alpha_yz alpha_zy alpha_xz alpha_zx alpha_xy alpha_yx
5  10.973463   6.1420e-09   6.1420e-09   6.1420e-09   6.1420e-09   1.4798e-25   1.4798e-25   1.4798e-25  -1.4798e-25  -1.4798e-25  -1.4798e-25
10  10.973464   1.1425e-08   1.1425e-08   1.1425e-08   1.1425e-08  -3.7114e-25  -3.7114e-25  -3.7114e-25   3.7114e-25   3.7114e-25   3.7114e-25
15  10.973467   2.1482e-08   2.1482e-08   2.1482e-08   2.1482e-08   8.2384e-25   8.2384e-25   8.2384e-25  -8.2384e-25  -8.2384e-25  -8.2384e-25
20  10.973473   5.1442e-08   5.1442e-08   5.1442e-08   5.1442e-08   7.3278e-25   4.1885e-24   7.3278e-25   4.1568e-24   4.1568e-24   4.1568e-24
25  10.973487   1.4073e-07   1.4073e-07   1.4073e-07   1.4073e-07   3.9528e-24   3.9528e-24   3.9528e-24  -3.9528e-24  -3.9528e-24  -3.9528e-24
30  10.973524   3.3046e-07   3.3046e-07   3.3046e-07   3.3046e-07   4.4232e-24   4.4232e-24   4.4232e-24  -4.4232e-24  -4.4232e-24  -4.4232e-24
35  10.973603   6.3993e-07   6.3993e-07   6.3993e-07   6.3993e-07   3.6983e-24   3.6983e-24   3.6983e-24  -3.6983e-24  -3.6983e-24  -3.6983e-24
40  10.973741   1.0634e-06   1.0634e-06   1.0634e-06   1.0634e-06   2.6823e-23   1.2917e-22   2.6823e-23   8.0822e-23   8.0822e-23   8.0822e-23
45  10.973958   1.5793e-06   1.5793e-06   1.5793e-06   1.5793e-06   2.5226e-23   1.2273e-22   2.5226e-23   1.3778e-22   1.3778e-22   1.3778e-22
50  10.974265   2.1606e-06   2.1606e-06   2.1606e-06   2.1606e-06   6.6569e-23   6.6569e-23   6.6569e-23  -6.6569e-23  -6.6569e-23  -6.6569e-23
55  10.974671   2.7807e-06   2.7807e-06   2.7807e-06   2.7807e-06  -3.2512e-23  -3.2512e-23  -3.2512e-23   3.2512e-23   3.2512e-23   3.2512e-23
60  10.975181   3.4174e-06   3.4174e-06   3.4174e-06   3.4174e-06   9.1885e-23   9.1885e-23   9.1885e-23  -9.1885e-23  -9.1885e-23  -9.1885e-23
65  10.975796   4.0532e-06   4.0532e-06   4.0532e-06   4.0532e-06  -1.8605e-23  -1.8605e-23  -1.8605e-23   1.8605e-23   1.8605e-23   1.8605e-23
70  10.976515   4.6753e-06   4.6753e-06   4.6753e-06   4.6753e-06   1.4060e-22   1.4060e-22   1.4060e-22  -1.4060e-22  -1.4060e-22  -1.4060e-22
75  10.977335   5.2751e-06   5.2751e-06   5.2751e-06   5.2751e-06  -1.2554e-24  -1.2554e-24  -1.2554e-24   1.2554e-24   1.2554e-24   1.2554e-24
80  10.978251   5.8472e-06   5.8472e-06   5.8472e-06   5.8472e-06   2.7600e-23   2.7600e-23   2.7600e-23  -2.7600e-23  -2.7600e-23  -2.7600e-23
85  10.979259   6.3884e-06   6.3884e-06   6.3884e-06   6.3884e-06   1.6292e-22   1.6292e-22   1.6292e-22  -1.6292e-22  -1.6292e-22  -1.6292e-22
90  10.980353   6.8974e-06   6.8974e-06   6.8974e-06   6.8974e-06  -5.1567e-22   8.3523e-22  -5.1567e-22   6.8726e-22   6.8726e-22   6.8726e-22
95  10.981529   7.3742e-06   7.3742e-06   7.3742e-06   7.3742e-06   1.8483e-22   1.8483e-22   1.8483e-22  -1.8483e-22  -1.8483e-22  -1.8483e-22
100  10.982781   7.8195e-06   7.8195e-06   7.8195e-06   7.8195e-06   1.3569e-23   1.3569e-23   1.3569e-23  -1.3569e-23  -1.3569e-23  -1.3569e-23
105  10.984104   8.2346e-06   8.2346e-06   8.2346e-06   8.2346e-06   7.6040e-23   8.4199e-22   7.6040e-23   8.1153e-22   8.1153e-22   8.1153e-22
110  10.985493   8.6212e-06   8.6212e-06   8.6212e-06   8.6212e-06  -2.5583e-22   5.8592e-22  -2.5583e-22   1.1055e-21   1.1055e-21   1.1055e-21
115  10.986944   8.9809e-06   8.9809e-06   8.9809e-06   8.9809e-06   1.9453e-22   1.9453e-22   1.9453e-22  -1.9453e-22  -1.9453e-22  -1.9453e-22
120  10.988452   9.3157e-06   9.3157e-06   9.3157e-06   9.3157e-06  -9.3548e-23  -9.3548e-23  -9.3548e-23   9.3548e-23   9.3548e-23   9.3548e-23
125  10.990013   9.6274e-06   9.6274e-06   9.6274e-06   9.6274e-06   1.6691e-22   1.6691e-22   1.6691e-22  -1.6691e-22  -1.6691e-22  -1.6691e-22
130  10.991625   9.9178e-06   9.9178e-06   9.9178e-06   9.9178e-06   2.4299e-22   2.4299e-22   2.4299e-22  -2.4299e-22  -2.4299e-22  -2.4299e-22
135  10.993283   1.0189e-05   1.0189e-05   1.0189e-05   1.0189e-05  -3.9512e-22   7.5413e-22  -3.9512e-22   1.0910e-21   1.0910e-21   1.0910e-21
140  10.994984   1.0441e-05   1.0441e-05   1.0441e-05   1.0441e-05  -4.1300e-23  -4.1300e-23  -4.1300e-23   4.1300e-23   4.1300e-23   4.1300e-23
145  10.996726   1.0677e-05   1.0677e-05   1.0677e-05   1.0677e-05  -1.5883e-22  -1.5883e-22  -1.5883e-22   1.5883e-22   1.5883e-22   1.5883e-22
150  10.998506   1.0898e-05   1.0898e-05   1.0898e-05   1.0898e-05  -1.4970e-22  -1.4970e-22  -1.4970e-22   1.4970e-22   1.4970e-22   1.4970e-22
155  11.000321   1.1106e-05   1.1106e-05   1.1106e-05   1.1106e-05  -1.5015e-22  -1.5015e-22  -1.5015e-22   1.5015e-22   1.5015e-22   1.5015e-22
160  11.002170   1.1300e-05   1.1300e-05   1.1300e-05   1.1300e-05   2.6919e-22   2.6919e-22   2.6919e-22  -2.6919e-22  -2.6919e-22  -2.6919e-22
165  11.004050   1.1483e-05   1.1483e-05   1.1483e-05   1.1483e-05   1.0081e-22   1.0081e-22   1.0081e-22  -1.0081e-22  -1.0081e-22  -1.0081e-22
170  11.005960   1.1655e-05   1.1655e-05   1.1655e-05   1.1655e-05   7.1954e-23   7.1954e-23   7.1954e-23  -7.1954e-23  -7.1954e-23  -7.1954e-23
175  11.007898   1.1817e-05   1.1817e-05   1.1817e-05   1.1817e-05  -2.9804e-22   1.1712e-21  -2.9804e-22   8.3395e-22   8.3395e-22   8.3395e-22
180  11.009862   1.1970e-05   1.1970e-05   1.1970e-05   1.1970e-05  -1.7610e-22  -1.7610e-22  -1.7610e-22   1.7610e-22   1.7610e-22   1.7610e-22
185  11.011851   1.2115e-05   1.2115e-05   1.2115e-05   1.2115e-05  -2.0304e-23  -2.0304e-23  -2.0304e-23   2.0304e-23   2.0304e-23   2.0304e-23
190  11.013864   1.2252e-05   1.2252e-05   1.2252e-05   1.2252e-05   1.9112e-22   1.9112e-22   1.9112e-22  -1.9112e-22  -1.9112e-22  -1.9112e-22
195  11.015899   1.2382e-05   1.2382e-05   1.2382e-05   1.2382e-05  -1.1292e-21   1.2985e-21  -1.1292e-21   1.6094e-21   1.6094e-21   1.6094e-21
200  11.017955   1.2506e-05   1.2506e-05   1.2506e-05   1.2506e-05  -3.4490e-22  -3.4490e-22  -3.4490e-22   3.4490e-22   3.4490e-22   3.4490e-22
205  11.020032   1.2624e-05   1.2624e-05   1.2624e-05   1.2624e-05   2.6401e-22   2.6401e-22   2.6401e-22  -2.6401e-22  -2.6401e-22  -2.6401e-22
210  11.022128   1.2736e-05   1.2736e-05   1.2736e-05   1.2736e-05   1.6825e-22   1.6825e-22   1.6825e-22  -1.6825e-22  -1.6825e-22  -1.6825e-22
215  11.024243   1.2843e-05   1.2843e-05   1.2843e-05   1.2843e-05  -1.5702e-23  -1.5702e-23  -1.5702e-23   1.5702e-23   1.5702e-23   1.5702e-23
220  11.026376   1.2946e-05   1.2946e-05   1.2946e-05   1.2946e-05   2.7066e-22   2.7066e-22   2.7066e-22  -2.7066e-22  -2.7066e-22  -2.7066e-22
225  11.028525   1.3044e-05   1.3044e-05   1.3044e-05   1.3044e-05  -2.8914e-22  -2.8914e-22  -2.8914e-22   2.8914e-22   2.8914e-22   2.8914e-22
230  11.030691   1.3138e-05   1.3138e-05   1.3138e-05   1.3138e-05  -1.4623e-23  -1.4623e-23  -1.4623e-23   1.4623e-23   1.4623e-23   1.4623e-23
235  11.032873   1.3229e-05   1.3229e-05   1.3229e-05   1.3229e-05  -2.3043e-22  -2.3043e-22  -2.3043e-22   2.3043e-22   2.3043e-22   2.3043e-22
240  11.035070   1.3316e-05   1.3316e-05   1.3316e-05   1.3316e-05   2.6731e-22   2.6731e-22   2.6731e-22  -2.6731e-22  -2.6731e-22  -2.6731e-22
245  11.037281   1.3400e-05   1.3400e-05   1.3400e-05   1.3400e-05  -1.7939e-22  -1.7939e-22  -1.7939e-22   1.7939e-22   1.7939e-22   1.7939e-22
250  11.039506   1.3480e-05   1.3480e-05   1.3480e-05   1.3480e-05  -1.7521e-22  -1.7521e-22  -1.7521e-22   1.7521e-22   1.7521e-22   1.7521e-22
255  11.041745   1.3558e-05   1.3558e-05   1.3558e-05   1.3558e-05  -4.0638e-22  -4.0638e-22  -4.0638e-22   4.0638e-22   4.0638e-22   4.0638e-22
260  11.043997   1.3632e-05   1.3632e-05   1.3632e-05   1.3632e-05   6.9995e-23   6.9995e-23   6.9995e-23  -6.9995e-23  -6.9995e-23  -6.9995e-23
265  11.046262   1.3703e-05   1.3703e-05   1.3703e-05   1.3703e-05   1.8408e-22   1.8408e-22   1.8408e-22  -1.8408e-22  -1.8408e-22  -1.8408e-22
270  11.048538   1.3771e-05   1.3771e-05   1.3771e-05   1.3771e-05  -9.8832e-22   1.7145e-21  -9.8832e-22   1.3310e-21   1.3310e-21   1.3310e-21
275  11.050826   1.3836e-05   1.3836e-05   1.3836e-05   1.3836e-05   1.3858e-22   1.1603e-21   1.3858e-22   1.0446e-21   1.0446e-21   1.0446e-21
280  11.053125   1.3899e-05   1.3899e-05   1.3899e-05   1.3899e-05  -1.7284e-22  -1.7284e-22  -1.7284e-22   1.7284e-22   1.7284e-22   1.7284e-22
285  11.055435   1.3960e-05   1.3960e-05   1.3960e-05   1.3960e-05   3.0704e-22   3.0704e-22   3.0704e-22  -3.0704e-22  -3.0704e-22  -3.0704e-22
290  11.057755   1.4018e-05   1.4018e-05   1.4018e-05   1.4018e-05  -1.7686e-22  -1.7686e-22  -1.7686e-22   1.7686e-22   1.7686e-22   1.7686e-22
295  11.060085   1.4075e-05   1.4075e-05   1.4075e-05   1.4075e-05  -1.0751e-22  -1.0751e-22  -1.0751e-22   1.0751e-22   1.0751e-22   1.0751e-22
300  11.062425   1.4130e-05   1.4130e-05   1.4130e-05   1.4130e-05  -2.6794e-22  -2.6794e-22  -2.6794e-22   2.6794e-22   2.6794e-22   2.6794e-22
305  11.064774   1.4184e-05   1.4184e-05   1.4184e-05   1.4184e-05  -6.2422e-23  -6.2422e-23  -6.2422e-23   6.2422e-23   6.2422e-23   6.2422e-23
310  11.067133   1.4236e-05   1.4236e-05   1.4236e-05   1.4236e-05   3.1311e-22   1.4146e-21   3.1311e-22   1.6772e-21   1.6772e-21   1.6772e-21
315  11.069501   1.4287e-05   1.4287e-05   1.4287e-05   1.4287e-05  -9.0793e-23  -9.0793e-23  -9.0793e-23   9.0793e-23   9.0793e-23   9.0793e-23
320  11.071878   1.4337e-05   1.4337e-05   1.4337e-05   1.4337e-05   2.9082e-22   2.9082e-22   2.9082e-22  -2.9082e-22  -2.9082e-22  -2.9082e-22
325  11.074263   1.4386e-05   1.4386e-05   1.4386e-05   1.4386e-05   2.1018e-22   1.3417e-21   2.1018e-22   1.7652e-21   1.7652e-21   1.7652e-21
330  11.076657   1.4433e-05   1.4433e-05   1.4433e-05   1.4433e-05   1.8781e-22   1.8781e-22   1.8781e-22  -1.8781e-22  -1.8781e-22  -1.8781e-22
335  11.079059   1.4480e-05   1.4480e-05   1.4480e-05   1.4480e-05  -1.7345e-22  -1.7345e-22  -1.7345e-22   1.7345e-22   1.7345e-22   1.7345e-22
340  11.081470   1.4526e-05   1.4526e-05   1.4526e-05   1.4526e-05  -2.5704e-22  -2.5704e-22  -2.5704e-22   2.5704e-22   2.5704e-22   2.5704e-22
345  11.083888   1.4570e-05   1.4570e-05   1.4570e-05   1.4570e-05  -5.8375e-23  -5.8375e-23  -5.8375e-23   5.8375e-23   5.8375e-23   5.8375e-23
350  11.086314   1.4614e-05   1.4614e-05   1.4614e-05   1.4614e-05  -3.8381e-22  -3.8381e-22  -3.8381e-22   3.8381e-22   3.8381e-22   3.8381e-22
355  11.088749   1.4657e-05   1.4657e-05   1.4657e-05   1.4657e-05  -1.0663e-23  -1.0663e-23  -1.0663e-23   1.0663e-23   1.0663e-23   1.0663e-23
360  11.091190   1.4699e-05   1.4699e-05   1.4699e-05   1.4699e-05   3.0653e-23   3.0653e-23   3.0653e-23  -3.0653e-23  -3.0653e-23  -3.0653e-23
365  11.093640   1.4741e-05   1.4741e-05   1.4741e-05   1.4741e-05  -2.0917e-22  -2.0917e-22  -2.0917e-22   2.0917e-22   2.0917e-22   2.0917e-22
370  11.096096   1.4782e-05   1.4782e-05   1.4782e-05   1.4782e-05   1.9296e-22   1.9296e-22   1.9296e-22  -1.9296e-22  -1.9296e-22  -1.9296e-22
375  11.098560   1.4822e-05   1.4822e-05   1.4822e-05   1.4822e-05  -1.8087e-22  -1.8087e-22  -1.8087e-22   1.8087e-22   1.8087e-22   1.8087e-22
380  11.101031   1.4861e-05   1.4861e-05   1.4861e-05   1.4861e-05   2.5043e-22   2.5043e-22   2.5043e-22  -2.5043e-22  -2.5043e-22  -2.5043e-22
385  11.103509   1.4900e-05   1.4900e-05   1.4900e-05   1.4900e-05   2.8961e-22   2.8961e-22   2.8961e-22  -2.8961e-22  -2.8961e-22  -2.8961e-22
390  11.105994   1.4939e-05   1.4939e-05   1.4939e-05   1.4939e-05  -2.0243e-22   1.8875e-21  -2.0243e-22   1.2751e-21   1.2751e-21   1.2751e-21
395  11.108486   1.4976e-05   1.4976e-05   1.4976e-05   1.4976e-05  -4.0504e-23  -4.0504e-23  -4.0504e-23   4.0504e-23   4.0504e-23   4.0504e-23
400  11.110985   1.5014e-05   1.5014e-05   1.5014e-05   1.5014e-05  -1.3700e-22  -1.3700e-22  -1.3700e-22   1.3700e-22   1.3700e-22   1.3700e-22
405  11.113491   1.5051e-05   1.5051e-05   1.5051e-05   1.5051e-05  -1.1657e-22  -1.1657e-22  -1.1657e-22   1.1657e-22   1.1657e-22   1.1657e-22
410  11.116003   1.5087e-05   1.5087e-05   1.5087e-05   1.5087e-05  -3.5637e-22   1.7636e-21  -3.5637e-22   1.4139e-21   1.4139e-21   1.4139e-21
415  11.118522   1.5123e-05   1.5123e-05   1.5123e-05   1.5123e-05   1.5207e-22   1.5207e-22   1.5207e-22  -1.5207e-22  -1.5207e-22  -1.5207e-22
420  11.121048   1.5159e-05   1.5159e-05   1.5159e-05   1.5159e-05   1.1799e-22   1.1799e-22   1.1799e-22  -1.1799e-22  -1.1799e-22  -1.1799e-22
425  11.123580   1.5194e-05   1.5194e-05   1.5194e-05   1.5194e-05  -3.4044e-22  -3.4044e-22  -3.4044e-22   3.4044e-22   3.4044e-22   3.4044e-22
430  11.126118   1.5229e-05   1.5229e-05   1.5229e-05   1.5229e-05  -8.9328e-23  -8.9328e-23  -8.9328e-23   8.9328e-23   8.9328e-23   8.9328e-23
435  11.128663   1.5263e-05   1.5263e-05   1.5263e-05   1.5263e-05   7.3345e-22   7.3345e-22   7.3345e-22  -7.3345e-22  -7.3345e-22  -7.3345e-22
440  11.131214   1.5297e-05   1.5298e-05   1.5298e-05   1.5298e-05   5.9366e-22   5.9366e-22   5.9366e-22  -5.9366e-22  -5.9366e-22  -5.9366e-22
445  11.133771   1.5331e-05   1.5331e-05   1.5331e-05   1.5331e-05   6.9922e-22   6.9922e-22   6.9922e-22  -6.9922e-22  -6.9922e-22  -6.9922e-22
450  11.136335   1.5365e-05   1.5365e-05   1.5365e-05   1.5365e-05   2.1152e-22   2.1152e-22   2.1152e-22  -2.1152e-22  -2.1152e-22  -2.1152e-22
455  11.138904   1.5398e-05   1.5398e-05   1.5398e-05   1.5398e-05  -3.0685e-22  -3.0685e-22  -3.0685e-22   3.0685e-22   3.0685e-22   3.0685e-22
460  11.141480   1.5431e-05   1.5431e-05   1.5431e-05   1.5431e-05   8.2305e-22   8.2305e-22   8.2305e-22  -8.2305e-22  -8.2305e-22  -8.2305e-22
465  11.144062   1.5464e-05   1.5464e-05   1.5464e-05   1.5464e-05  -6.9595e-22  -6.9595e-22  -6.9595e-22   6.9595e-22   6.9595e-22   6.9595e-22
470  11.146650   1.5497e-05   1.5497e-05   1.5497e-05   1.5497e-05  -1.5902e-21   1.4601e-21  -1.5902e-21   1.7591e-21   1.7591e-21   1.7591e-21
475  11.149244   1.5529e-05   1.5529e-05   1.5529e-05   1.5529e-05   8.3523e-22   8.3523e-22   8.3523e-22  -8.3523e-22  -8.3523e-22  -8.3523e-22
480  11.151844   1.5561e-05   1.5561e-05   1.5561e-05   1.5561e-05  -6.3515e-22  -6.3515e-22  -6.3515e-22   6.3515e-22   6.3515e-22   6.3515e-22
485  11.154450   1.5593e-05   1.5593e-05   1.5593e-05   1.5593e-05   7.4940e-22   7.4940e-22   7.4940e-22  -7.4940e-22  -7.4940e-22  -7.4940e-22
490  11.157062   1.5625e-05   1.5625e-05   1.5625e-05   1.5625e-05  -2.1869e-21   8.8963e-22  -2.1869e-21   2.3427e-21   2.3427e-21   2.3427e-21
495  11.159680   1.5656e-05   1.5656e-05   1.5656e-05   1.5656e-05   7.6853e-22   7.6853e-22   7.6853e-22  -7.6853e-22  -7.6853e-22  -7.6853e-22
500  11.162303   1.5687e-05   1.5687e-05   1.5687e-05   1.5687e-05  -2.3579e-22   1.1595e-21  -2.3579e-22   2.0792e-21   2.0792e-21   2.0792e-21
505  11.164933   1.5719e-05   1.5719e-05   1.5719e-05   1.5719e-05  -6.9034e-22   7.1136e-22  -6.9034e-22   8.3652e-22   8.3652e-22   8.3652e-22
510  11.167568   1.5750e-05   1.5750e-05   1.5750e-05   1.5750e-05   6.8725e-22   6.8725e-22   6.8725e-22  -6.8725e-22  -6.8725e-22  -6.8725e-22
515  11.170210   1.5781e-05   1.5781e-05   1.5781e-05   1.5781e-05  -3.6207e-23  -3.6207e-23  -3.6207e-23   3.6207e-23   3.6207e-23   3.6207e-23
520  11.172857   1.5811e-05   1.5811e-05   1.5811e-05   1.5811e-05  -2.6212e-22  -2.6212e-22  -2.6212e-22   2.6212e-22   2.6212e-22   2.6212e-22
525  11.175509   1.5842e-05   1.5842e-05   1.5842e-05   1.5842e-05  -4.9519e-22  -4.9519e-22  -4.9519e-22   4.9519e-22   4.9519e-22   4.9519e-22
530  11.178168   1.5872e-05   1.5872e-05   1.5872e-05   1.5872e-05   1.9791e-22   1.9791e-22   1.9791e-22  -1.9791e-22  -1.9791e-22  -1.9791e-22
535  11.180832   1.5903e-05   1.5903e-05   1.5903e-05   1.5903e-05   1.7097e-22   1.7097e-22   1.7097e-22  -1.7097e-22  -1.7097e-22  -1.7097e-22
540  11.183502   1.5933e-05   1.5933e-05   1.5933e-05   1.5933e-05  -7.9019e-22   2.3495e-21  -7.9019e-22   9.1439e-22   9.1439e-22   9.1439e-22
545  11.186178   1.5963e-05   1.5963e-05   1.5963e-05   1.5963e-05  -6.9113e-22  -6.9113e-22  -6.9113e-22   6.9113e-22   6.9113e-22   6.9113e-22
550  11.188859   1.5993e-05   1.5993e-05   1.5993e-05   1.5993e-05   3.1793e-22   3.1793e-22   3.1793e-22  -3.1793e-22  -3.1793e-22  -3.1793e-22
555  11.191546   1.6023e-05   1.6023e-05   1.6023e-05   1.6023e-05   2.8115e-22   2.8115e-22   2.8115e-22  -2.8115e-22  -2.8115e-22  -2.8115e-22
560  11.194239   1.6053e-05   1.6053e-05   1.6053e-05   1.6053e-05  -9.5563e-23  -9.5563e-23  -9.5563e-23   9.5563e-23   9.5563e-23   9.5563e-23
565  11.196937   1.6083e-05   1.6083e-05   1.6083e-05   1.6083e-05   7.0132e-22   7.0132e-22   7.0132e-22  -7.0132e-22  -7.0132e-22  -7.0132e-22
570  11.199641   1.6113e-05   1.6113e-05   1.6113e-05   1.6113e-05  -2.3226e-21   8.5412e-22  -2.3226e-21   2.4283e-21   2.4283e-21   2.4283e-21
575  11.202351   1.6143e-05   1.6143e-05   1.6143e-05   1.6143e-05  -4.6542e-22  -4.6542e-22  -4.6542e-22   4.6542e-22   4.6542e-22   4.6542e-22
580  11.205066   1.6172e-05   1.6172e-05   1.6172e-05   1.6172e-05  -6.0743e-22  -6.0743e-22  -6.0743e-22   6.0743e-22   6.0743e-22   6.0743e-22
585  11.207787   1.6202e-05   1.6202e-05   1.6202e-05   1.6202e-05   7.4601e-22   7.4601e-22   7.4601e-22  -7.4601e-22  -7.4601e-22  -7.4601e-22
590  11.210514   1.6231e-05   1.6231e-05   1.6231e-05   1.6231e-05   7.5864e-22   7.5864e-22   7.5864e-22  -7.5864e-22  -7.5864e-22  -7.5864e-22
595  11.213246   1.6261e-05   1.6261e-05   1.6261e-05   1.6261e-05  -1.7905e-22  -1.7905e-22  -1.7905e-22   1.7905e-22   1.7905e-22   1.7905e-22
600  11.215984   1.6290e-05   1.6290e-05   1.6290e-05   1.6290e-05  -6.3411e-22  -6.3411e-22  -6.3411e-22   6.3411e-22   6.3411e-22   6.3411e-22
605  11.218727   1.6320e-05   1.6320e-05   1.6320e-05   1.6320e-05  -1.8524e-22   1.3400e-21  -1.8524e-22   1.9637e-21   1.9637e-21   1.9637e-21
610  11.221476   1.6349e-05   1.6349e-05   1.6349e-05   1.6349e-05  -7.9700e-22  -7.9700e-22  -7.9700e-22   7.9700e-22   7.9700e-22   7.9700e-22
615  11.224231   1.6378e-05   1.6378e-05   1.6378e-05   1.6378e-05  -5.8836e-22  -5.8836e-22  -5.8836e-22   5.8836e-22   5.8836e-22   5.8836e-22
620  11.226991   1.6408e-05   1.6408e-05   1.6408e-05   1.6408e-05  -6.5851e-22  -6.5851e-22  -6.5851e-22   6.5851e-22   6.5851e-22   6.5851e-22
625  11.229757   1.6437e-05   1.6437e-05   1.6437e-05   1.6437e-05   1.8264e-22   1.8264e-22   1.8264e-22  -1.8264e-22  -1.8264e-22  -1.8264e-22
630  11.232529   1.6466e-05   1.6466e-05   1.6466e-05   1.6466e-05  -5.2266e-22   1.0328e-21  -5.2266e-22   2.2860e-21   2.2860e-21   2.2860e-21
635  11.235306   1.6496e-05   1.6496e-05   1.6496e-05   1.6496e-05   3.1286e-22   3.1286e-22   3.1286e-22  -3.1286e-22  -3.1286e-22  -3.1286e-22
640  11.238089   1.6525e-05   1.6525e-05   1.6525e-05   1.6525e-05  -8.5494e-23   1.4821e-21  -8.5494e-23   1.8428e-21   1.8428e-21   1.8428e-21
645  11.240877   1.6554e-05   1.6554e-05   1.6554e-05   1.6554e-05   5.0087e-22   5.0087e-22   5.0087e-22  -5.0087e-22  -5.0087e-22  -5.0087e-22
650  11.243671   1.6583e-05   1.6583e-05   1.6583e-05   1.6583e-05  -4.1728e-22  -4.1728e-22  -4.1728e-22   4.1728e-22   4.1728e-22   4.1728e-22
655  11.246471   1.6613e-05   1.6613e-05   1.6613e-05   1.6613e-05   4.3185e-22   2.0176e-21   4.3185e-22   1.3164e-21   1.3164e-21   1.3164e-21
660  11.249276   1.6642e-05   1.6642e-05   1.6642e-05   1.6642e-05   3.6755e-22   3.6755e-22   3.6755e-22  -3.6755e-22  -3.6755e-22  -3.6755e-22
665  11.252087   1.6671e-05   1.6671e-05   1.6671e-05   1.6671e-05  -3.4733e-22  -3.4733e-22  -3.4733e-22   3.4733e-22   3.4733e-22   3.4733e-22
670  11.254904   1.6700e-05   1.6700e-05   1.6700e-05   1.6700e-05  -1.9899e-21   1.3081e-21  -1.9899e-21   2.0350e-21   2.0350e-21   2.0350e-21
675  11.257726   1.6730e-05   1.6730e-05   1.6730e-05   1.6730e-05   2.8381e-22   2.8381e-22   2.8381e-22  -2.8381e-22  -2.8381e-22  -2.8381e-22
680  11.260554   1.6759e-05   1.6759e-05   1.6759e-05   1.6759e-05   2.2358e-22   2.2358e-22   2.2358e-22  -2.2358e-22  -2.2358e-22  -2.2358e-22
685  11.263388   1.6788e-05   1.6788e-05   1.6788e-05   1.6788e-05  -4.1353e-22  -4.1353e-22  -4.1353e-22   4.1353e-22   4.1353e-22   4.1353e-22
690  11.266227   1.6818e-05   1.6818e-05   1.6818e-05   1.6818e-05   5.2078e-24   5.2078e-24   5.2078e-24  -5.2078e-24  -5.2078e-24  -5.2078e-24
695  11.269072   1.6847e-05   1.6847e-05   1.6847e-05   1.6847e-05  -7.4777e-22  -7.4777e-22  -7.4777e-22   7.4777e-22   7.4777e-22   7.4777e-22
700  11.271922   1.6876e-05   1.6876e-05   1.6876e-05   1.6876e-05   4.8723e-22   4.8723e-22   4.8723e-22  -4.8723e-22  -4.8723e-22  -4.8723e-22
705  11.274779   1.6906e-05   1.6906e-05   1.6906e-05   1.6906e-05  -7.9866e-22   8.4772e-22  -7.9866e-22   2.5166e-21   2.5166e-21   2.5166e-21
710  11.277641   1.6935e-05   1.6935e-05   1.6935e-05   1.6935e-05  -1.4102e-21   1.9363e-21  -1.4102e-21   1.4310e-21   1.4310e-21   1.4310e-21
715  11.280508   1.6965e-05   1.6965e-05   1.6965e-05   1.6965e-05  -4.3145e-22   1.2271e-21  -4.3145e-22   2.1433e-21   2.1433e-21   2.1433e-21
720  11.283382   1.6994e-05   1.6994e-05   1.6994e-05   1.6994e-05  -4.2031e-23  -4.2031e-23  -4.2031e-23   4.2031e-23   4.2031e-23   4.2031e-23
725  11.286261   1.7024e-05   1.7024e-05   1.7024e-05   1.7024e-05   2.6536e-22   2.6536e-22   2.6536e-22  -2.6536e-22  -2.6536e-22  -2.6536e-22
730  11.289146   1.7053e-05   1.7053e-05   1.7053e-05   1.7053e-05  -3.8691e-22   1.2901e-21  -3.8691e-22   2.0895e-21   2.0895e-21   2.0895e-21
735  11.292036   1.7083e-05   1.7083e-05   1.7083e-05   1.7083e-05   7.0096e-22   7.0096e-22   7.0096e-22  -7.0096e-22  -7.0096e-22  -7.0096e-22
740  11.294933   1.7113e-05   1.7113e-05   1.7113e-05   1.7113e-05   8.0835e-22   8.0835e-22   8.0835e-22  -8.0835e-22  -8.0835e-22  -8.0835e-22
745  11.297835   1.7142e-05   1.7142e-05   1.7142e-05   1.7142e-05   8.4590e-22   8.4590e-22   8.4590e-22  -8.4590e-22  -8.4590e-22  -8.4590e-22
750  11.300743   1.7172e-05   1.7172e-05   1.7172e-05   1.7172e-05  -6.3530e-22  -6.3530e-22  -6.3530e-22   6.3530e-22   6.3530e-22   6.3530e-22
755  11.303657   1.7202e-05   1.7202e-05   1.7202e-05   1.7202e-05   2.2395e-22   1.9318e-21   2.2395e-22   1.4632e-21   1.4632e-21   1.4632e-21
760  11.306576   1.7232e-05   1.7232e-05   1.7232e-05   1.7232e-05   4.4694e-22   2.1610e-21   4.4694e-22   1.2371e-21   1.2371e-21   1.2371e-21
765  11.309502   1.7262e-05   1.7262e-05   1.7262e-05   1.7262e-05  -7.8875e-22  -7.8875e-22  -7.8875e-22   7.8875e-22   7.8875e-22   7.8875e-22
770  11.312433   1.7292e-05   1.7292e-05   1.7292e-05   1.7292e-05   3.5923e-22   3.5923e-22   3.5923e-22  -3.5923e-22  -3.5923e-22  -3.5923e-22
775  11.315370   1.7322e-05   1.7322e-05   1.7322e-05   1.7322e-05   4.2480e-22   4.2480e-22   4.2480e-22  -4.2480e-22  -4.2480e-22  -4.2480e-22
780  11.318313   1.7352e-05   1.7352e-05   1.7352e-05   1.7352e-05   4.8298e-22   4.8298e-22   4.8298e-22  -4.8298e-22  -4.8298e-22  -4.8298e-22
785  11.321262   1.7382e-05   1.7382e-05   1.7382e-05   1.7382e-05   3.0951e-22   3.0951e-22   3.0951e-22  -3.0951e-22  -3.0951e-22  -3.0951e-22
790  11.324217   1.7412e-05   1.7412e-05   1.7412e-05   1.7412e-05  -2.3242e-22  -2.3242e-22  -2.3242e-22   2.3242e-22   2.3242e-22   2.3242e-22
795  11.327177   1.7443e-05   1.7443e-05   1.7443e-05   1.7443e-05   4.5403e-22   4.5403e-22   4.5403e-22  -4.5403e-22  -4.5403e-22  -4.5403e-22
800  11.330144   1.7473e-05   1.7473e-05   1.7473e-05   1.7473e-05  -3.4139e-22   1.4228e-21  -3.4139e-22   2.0004e-21   2.0004e-21   2.0004e-21
805  11.333117   1.7504e-05   1.7504e-05   1.7504e-05   1.7504e-05   5.8113e-22   5.8113e-22   5.8113e-22  -5.8113e-22  -5.8113e-22  -5.8113e-22
810  11.336095   1.7534e-05   1.7534e-05   1.7534e-05   1.7534e-05  -4.3524e-22   1.3416e-21  -4.3524e-22   2.0879e-21   2.0879e-21   2.0879e-21
815  11.339080   1.7565e-05   1.7565e-05   1.7565e-05   1.7565e-05   2.3770e-22   2.3770e-22   2.3770e-22  -2.3770e-22  -2.3770e-22  -2.3770e-22
820  11.342070   1.7596e-05   1.7596e-05   1.7596e-05   1.7596e-05  -6.4499e-22  -6.4499e-22  -6.4499e-22   6.4499e-22   6.4499e-22   6.4499e-22
825  11.345067   1.7626e-05   1.7626e-05   1.7626e-05   1.7626e-05  -4.5084e-22  -4.5084e-22  -4.5084e-22   4.5084e-22   4.5084e-22   4.5084e-22
830  11.348070   1.7657e-05   1.7657e-05   1.7657e-05   1.7657e-05   6.2712e-22   6.2712e-22   6.2712e-22  -6.2712e-22  -6.2712e-22  -6.2712e-22
835  11.351078   1.7688e-05   1.7688e-05   1.7688e-05   1.7688e-05  -2.2387e-21   1.2642e-21  -2.2387e-21   2.1813e-21   2.1813e-21   2.1813e-21
840  11.354093   1.7719e-05   1.7719e-05   1.7719e-05   1.7719e-05   8.2790e-22   8.2790e-22   8.2790e-22  -8.2790e-22  -8.2790e-22  -8.2790e-22
845  11.357114   1.7750e-05   1.7750e-05   1.7750e-05   1.7750e-05  -4.8890e-22   1.3329e-21  -4.8890e-22   2.1191e-21   2.1191e-21   2.1191e-21
850  11.360141   1.7782e-05   1.7782e-05   1.7782e-05   1.7782e-05  -4.4264e-22  -4.4264e-22  -4.4264e-22   4.4264e-22   4.4264e-22   4.4264e-22
855  11.363174   1.7813e-05   1.7813e-05   1.7813e-05   1.7813e-05  -1.9595e-21   1.5693e-21  -1.9595e-21   1.8892e-21   1.8892e-21   1.8892e-21
860  11.366213   1.7844e-05   1.7844e-05   1.7844e-05   1.7844e-05  -1.7720e-22  -1.7720e-22  -1.7720e-22   1.7720e-22   1.7720e-22   1.7720e-22
865  11.369259   1.7876e-05   1.7876e-05   1.7876e-05   1.7876e-05   4.1183e-22   4.1183e-22   4.1183e-22  -4.1183e-22  -4.1183e-22  -4.1183e-22
870  11.372310   1.7908e-05   1.7908e-05   1.7908e-05   1.7908e-05  -9.9412e-22   2.5544e-21  -9.9412e-22   2.6080e-21   2.6080e-21   2.6080e-21
875  11.375368   1.7939e-05   1.7939e-05   1.7939e-05   1.7939e-05  -7.1508e-22  -7.1508e-22  -7.1508e-22   7.1508e-22   7.1508e-22   7.1508e-22
880  11.378432   1.7971e-05   1.7971e-05   1.7971e-05   1.7971e-05  -2.1466e-21   1.4152e-21  -2.1466e-21   2.0598e-21   2.0598e-21   2.0598e-21
885  11.381503   1.8003e-05   1.8003e-05   1.8003e-05   1.8003e-05  -4.3400e-22  -4.3400e-22  -4.3400e-22   4.3400e-22   4.3400e-22   4.3400e-22
890  11.384579   1.8035e-05   1.8035e-05   1.8035e-05   1.8035e-05  -5.1094e-22   1.3701e-21  -5.1094e-22   2.1115e-21   2.1115e-21   2.1115e-21
895  11.387662   1.8067e-05   1.8067e-05   1.8067e-05   1.8067e-05  -4.9059e-22  -4.9059e-22  -4.9059e-22   4.9059e-22   4.9059e-22   4.9059e-22
900  11.390752   1.8100e-05   1.8099e-05   1.8099e-05   1.8099e-05   5.7464e-22   5.7464e-22   5.7464e-22  -5.7464e-22  -5.7464e-22  -5.7464e-22
905  11.393847   1.8132e-05   1.8132e-05   1.8132e-05   1.8132e-05  -4.0319e-22  -4.0319e-22  -4.0319e-22   4.0319e-22   4.0319e-22   4.0319e-22
910  11.396949   1.8164e-05   1.8164e-05   1.8164e-05   1.8164e-05  -8.0238e-22  -8.0238e-22  -8.0238e-22   8.0238e-22   8.0238e-22   8.0238e-22
915  11.400058   1.8197e-05   1.8197e-05   1.8197e-05   1.8197e-05   4.2966e-22   4.2966e-22   4.2966e-22  -4.2966e-22  -4.2966e-22  -4.2966e-22
920  11.403173   1.8230e-05   1.8230e-05   1.8230e-05   1.8230e-05  -8.0783e-22   1.1138e-21  -8.0783e-22   2.3881e-21   2.3881e-21   2.3881e-21
925  11.406294   1.8263e-05   1.8263e-05   1.8263e-05   1.8263e-05  -1.0241e-22  -1.0241e-22  -1.0241e-22   1.0241e-22   1.0241e-22   1.0241e-22
930  11.409422   1.8296e-05   1.8296e-05   1.8296e-05   1.8296e-05   3.5914e-22   3.5914e-22   3.5914e-22  -3.5914e-22  -3.5914e-22  -3.5914e-22
935  11.412556   1.8329e-05   1.8329e-05   1.8329e-05   1.8329e-05  -1.7075e-21   1.9287e-21  -1.7075e-21   1.5835e-21   1.5835e-21   1.5835e-21
940  11.415697   1.8362e-05   1.8362e-05   1.8362e-05   1.8362e-05  -7.6211e-23  -7.6211e-23  -7.6211e-23   7.6211e-23   7.6211e-23   7.6211e-23
945  11.418845   1.8395e-05   1.8395e-05   1.8395e-05   1.8395e-05  -3.1545e-22  -3.1545e-22  -3.1545e-22   3.1545e-22   3.1545e-22   3.1545e-22
950  11.421999   1.8429e-05   1.8429e-05   1.8429e-05   1.8429e-05  -4.6524e-24  -4.6524e-24  -4.6524e-24   4.6524e-24   4.6524e-24   4.6524e-24
955  11.425160   1.8462e-05   1.8462e-05   1.8462e-05   1.8462e-05   3.1517e-22   3.1517e-22   3.1517e-22  -3.1517e-22  -3.1517e-22  -3.1517e-22
960  11.428327   1.8496e-05   1.8496e-05   1.8496e-05   1.8496e-05  -2.2693e-21   1.4019e-21  -2.2693e-21   2.1278e-21   2.1278e-21   2.1278e-21
965  11.431501   1.8530e-05   1.8530e-05   1.8530e-05   1.8530e-05   6.8042e-22   6.8042e-22   6.8042e-22  -6.8042e-22  -6.8042e-22  -6.8042e-22
970  11.434682   1.8564e-05   1.8564e-05   1.8564e-05   1.8564e-05   6.9029e-23   2.0604e-21   6.9029e-23   1.4764e-21   1.4764e-21   1.4764e-21
975  11.437869   1.8598e-05   1.8598e-05   1.8598e-05   1.8598e-05   5.2800e-22   2.5265e-21   5.2800e-22   1.0139e-21   1.0139e-21   1.0139e-21
980  11.441064   1.8633e-05   1.8633e-05   1.8633e-05   1.8633e-05  -1.6305e-21   2.0692e-21  -1.6305e-21   1.4747e-21   1.4747e-21   1.4747e-21
985  11.444265   1.8667e-05   1.8667e-05   1.8667e-05   1.8667e-05   3.6155e-22   2.3744e-21   3.6155e-22   1.1731e-21   1.1731e-21   1.1731e-21
990  11.447473   1.8702e-05   1.8702e-05   1.8702e-05   1.8702e-05  -9.3315e-23  -9.3315e-23  -9.3315e-23   9.3315e-23   9.3315e-23   9.3315e-23
995  11.450688   1.8737e-05   1.8737e-05   1.8737e-05   1.8737e-05  -4.7844e-22  -4.7844e-22  -4.7844e-22   4.7844e-22   4.7844e-22   4.7844e-22
1000  11.453909   1.8772e-05   1.8772e-05   1.8772e-05   1.8772e-05  -8.1411e-22   1.2205e-21  -8.1411e-22   2.3379e-21   2.3379e-21   2.3379e-21
1005  11.457138   1.8807e-05   1.8807e-05   1.8807e-05   1.8807e-05   8.4761e-23   8.4761e-23   8.4761e-23  -8.4761e-23  -8.4761e-23  -8.4761e-23
1010  11.460373   1.8842e-05   1.8842e-05   1.8842e-05   1.8842e-05  -7.1316e-22   1.3361e-21  -7.1316e-22   2.2296e-21   2.2296e-21   2.2296e-21
1015  11.463616   1.8877e-05   1.8877e-05   1.8877e-05   1.8877e-05   5.3483e-22   5.3483e-22   5.3483e-22  -5.3483e-22  -5.3483e-22  -5.3483e-22
1020  11.466866   1.8913e-05   1.8913e-05   1.8913e-05   1.8913e-05  -5.3303e-22  -5.3303e-22  -5.3303e-22   5.3303e-22   5.3303e-22   5.3303e-22
1025  11.470122   1.8949e-05   1.8949e-05   1.8949e-05   1.8949e-05  -4.8236e-23  -4.8236e-23  -4.8236e-23   4.8236e-23   4.8236e-23   4.8236e-23
1030  11.473386   1.8985e-05   1.8985e-05   1.8985e-05   1.8985e-05   6.2159e-22   2.7007e-21   6.2159e-22   2.5740e-21   2.5740e-21   2.5740e-21
1035  11.476657   1.9021e-05   1.9021e-05   1.9021e-05   1.9021e-05  -2.0593e-21   1.7214e-21  -2.0593e-21   1.8630e-21   1.8630e-21   1.8630e-21
1040  11.479935   1.9057e-05   1.9057e-05   1.9057e-05   1.9057e-05   2.6493e-22   2.6493e-22   2.6493e-22  -2.6493e-22  -2.6493e-22  -2.6493e-22
1045  11.483220   1.9094e-05   1.9094e-05   1.9094e-05   1.9094e-05   7.3840e-22   7.3840e-22   7.3840e-22  -7.3840e-22  -7.3840e-22  -7.3840e-22
1050  11.486513   1.9130e-05   1.9130e-05   1.9130e-05   1.9130e-05   2.2475e-22   2.2475e-22   2.2475e-22  -2.2475e-22  -2.2475e-22  -2.2475e-22
1055  11.489812   1.9167e-05   1.9167e-05   1.9167e-05   1.9167e-05  -7.9313e-22  -7.9313e-22  -7.9313e-22   7.9313e-22   7.9313e-22   7.9313e-22
1060  11.493119   1.9204e-05   1.9204e-05   1.9204e-05   1.9204e-05  -6.9192e-22  -6.9192e-22  -6.9192e-22   6.9192e-22   6.9192e-22   6.9192e-22
1065  11.496434   1.9241e-05   1.9241e-05   1.9241e-05   1.9241e-05  -7.7054e-22  -7.7054e-22  -7.7054e-22   7.7054e-22   7.7054e-22   7.7054e-22
1070  11.499756   1.9279e-05   1.9279e-05   1.9279e-05   1.9279e-05   5.1890e-22   5.1890e-22   5.1890e-22  -5.1890e-22  -5.1890e-22  -5.1890e-22
1075  11.503085   1.9316e-05   1.9316e-05   1.9316e-05   1.9316e-05   7.7508e-22   7.7508e-22   7.7508e-22  -7.7508e-22  -7.7508e-22  -7.7508e-22
1080  11.506421   1.9354e-05   1.9354e-05   1.9354e-05   1.9354e-05   7.6250e-22   1.2246e-21   7.6250e-22   2.3946e-21   2.3946e-21   2.3946e-21
1085  11.509766   1.9392e-05   1.9392e-05   1.9392e-05   1.9392e-05  -2.4904e-22  -2.4904e-22  -2.4904e-22   2.4904e-22   2.4904e-22   2.4904e-22
1090  11.513117   1.9430e-05   1.9430e-05   1.9430e-05   1.9430e-05  -4.8690e-22   1.6852e-21  -4.8690e-22   1.9420e-21   1.9420e-21   1.9420e-21
1095  11.516477   1.9469e-05   1.9469e-05   1.9469e-05   1.9469e-05  -2.6160e-22  -2.6160e-22  -2.6160e-22   2.6160e-22   2.6160e-22   2.6160e-22
1100  11.519844   1.9507e-05   1.9507e-05   1.9507e-05   1.9507e-05  -6.5898e-22  -6.5898e-22  -6.5898e-22   6.5898e-22   6.5898e-22   6.5898e-22
1105  11.523218   1.9546e-05   1.9546e-05   1.9546e-05   1.9546e-05   2.7249e-23   2.7249e-23   2.7249e-23  -2.7249e-23  -2.7249e-23  -2.7249e-23
1110  11.526601   1.9585e-05   1.9585e-05   1.9585e-05   1.9585e-05  -2.6019e-22  -2.6019e-22  -2.6019e-22   2.6019e-22   2.6019e-22   2.6019e-22
1115  11.529991   1.9624e-05   1.9624e-05   1.9624e-05   1.9624e-05  -1.9943e-21   1.9123e-21  -1.9943e-21   1.7350e-21   1.7350e-21   1.7350e-21
1120  11.533389   1.9664e-05   1.9664e-05   1.9664e-05   1.9664e-05   5.7768e-22   5.7768e-22   5.7768e-22  -5.7768e-22  -5.7768e-22  -5.7768e-22
1125  11.536795   1.9703e-05   1.9703e-05   1.9703e-05   1.9703e-05  -6.1999e-22  -6.1999e-22  -6.1999e-22   6.1999e-22   6.1999e-22   6.1999e-22
1130  11.540208   1.9743e-05   1.9743e-05   1.9743e-05   1.9743e-05   2.9023e-22   2.5276e-21   2.9023e-22   1.1322e-21   1.1322e-21   1.1322e-21
1135  11.543630   1.9783e-05   1.9783e-05   1.9783e-05   1.9783e-05  -4.6093e-22  -4.6093e-22  -4.6093e-22   4.6093e-22   4.6093e-22   4.6093e-22
1140  11.547059   1.9824e-05   1.9824e-05   1.9824e-05   1.9824e-05  -2.9130e-22  -2.9130e-22  -2.9130e-22   2.9130e-22   2.9130e-22   2.9130e-22
1145  11.550497   1.9864e-05   1.9864e-05   1.9864e-05   1.9864e-05  -6.6654e-22  -6.6654e-22  -6.6654e-22   6.6654e-22   6.6654e-22   6.6654e-22
1150  11.553943   1.9905e-05   1.9905e-05   1.9905e-05   1.9905e-05   7.3655e-22   7.3655e-22   7.3655e-22  -7.3655e-22  -7.3655e-22  -7.3655e-22
1155  11.557397   1.9946e-05   1.9946e-05   1.9946e-05   1.9946e-05   3.0332e-22   3.0332e-22   3.0332e-22  -3.0332e-22  -3.0332e-22  -3.0332e-22
1160  11.560859   1.9988e-05   1.9987e-05   1.9987e-05   1.9987e-05   2.6475e-22   2.6475e-22   2.6475e-22  -2.6475e-22  -2.6475e-22  -2.6475e-22
1165  11.564329   2.0029e-05   2.0029e-05   2.0029e-05   2.0029e-05  -6.9665e-22  -6.9665e-22  -6.9665e-22   6.9665e-22   6.9665e-22   6.9665e-22
1170  11.567807   2.0071e-05   2.0071e-05   2.0071e-05   2.0071e-05  -4.7847e-22  -4.7847e-22  -4.7847e-22   4.7847e-22   4.7847e-22   4.7847e-22
1175  11.571294   2.0113e-05   2.0113e-05   2.0113e-05   2.0113e-05   3.7228e-22   3.7228e-22   3.7228e-22  -3.7228e-22  -3.7228e-22  -3.7228e-22
1180  11.574789   2.0155e-05   2.0155e-05   2.0155e-05   2.0155e-05   4.2649e-22   4.2649e-22   4.2649e-22  -4.2649e-22  -4.2649e-22  -4.2649e-22
1185  11.578293   2.0198e-05   2.0198e-05   2.0198e-05   2.0198e-05  -5.3799e-22  -5.3799e-22  -5.3799e-22   5.3799e-22   5.3799e-22   5.3799e-22
1190  11.581805   2.0241e-05   2.0241e-05   2.0241e-05   2.0241e-05   4.9704e-23   4.9704e-23   4.9704e-23  -4.9704e-23  -4.9704e-23  -4.9704e-23
1195  11.585326   2.0284e-05   2.0284e-05   2.0284e-05   2.0284e-05  -2.6149e-22  -2.6149e-22  -2.6149e-22   2.6149e-22   2.6149e-22   2.6149e-22
1200  11.588855   2.0327e-05   2.0327e-05   2.0327e-05   2.0327e-05   5.4938e-22   5.4938e-22   5.4938e-22  -5.4938e-22  -5.4938e-22  -5.4938e-22
1205  11.592393   2.0371e-05   2.0371e-05   2.0371e-05   2.0371e-05  -2.5499e-22  -2.5499e-22  -2.5499e-22   2.5499e-22   2.5499e-22   2.5499e-22
1210  11.595939   2.0415e-05   2.0415e-05   2.0415e-05   2.0415e-05   7.8214e-23   7.8214e-23   7.8214e-23  -7.8214e-23  -7.8214e-23  -7.8214e-23
1215  11.599494   2.0459e-05   2.0459e-05   2.0459e-05   2.0459e-05   2.9226e-22   2.9226e-22   2.9226e-22  -2.9226e-22  -2.9226e-22  -2.9226e-22
1220  11.603059   2.0503e-05   2.0503e-05   2.0503e-05   2.0503e-05  -4.5621e-23  -4.5621e-23  -4.5621e-23   4.5621e-23   4.5621e-23   4.5621e-23
1225  11.606632   2.0548e-05   2.0548e-05   2.0548e-05   2.0548e-05  -1.1965e-22   2.2859e-21  -1.1965e-22   1.4580e-21   1.4580e-21   1.4580e-21
1230  11.610213   2.0593e-05   2.0593e-05   2.0593e-05   2.0593e-05  -2.5235e-21   1.5856e-21  -2.5235e-21   2.1630e-21   2.1630e-21   2.1630e-21
1235  11.613804   2.0639e-05   2.0639e-05   2.0639e-05   2.0639e-05  -2.6397e-21   1.4788e-21  -2.6397e-21   2.2746e-21   2.2746e-21   2.2746e-21
1240  11.617404   2.0684e-05   2.0684e-05   2.0684e-05   2.0684e-05  -3.9152e-22  -3.9152e-22  -3.9152e-22   3.9152e-22   3.9152e-22   3.9152e-22
1245  11.621013   2.0730e-05   2.0730e-05   2.0730e-05   2.0730e-05  -3.3662e-22  -3.3662e-22  -3.3662e-22   3.3662e-22   3.3662e-22   3.3662e-22
1250  11.624631   2.0777e-05   2.0777e-05   2.0777e-05   2.0777e-05   3.0969e-23   2.4842e-21   3.0969e-23   1.2835e-21   1.2835e-21   1.2835e-21
1255  11.628259   2.0823e-05   2.0823e-05   2.0823e-05   2.0823e-05   3.7831e-23   3.7831e-23   3.7831e-23  -3.7831e-23  -3.7831e-23  -3.7831e-23
1260  11.631896   2.0870e-05   2.0870e-05   2.0870e-05   2.0870e-05  -1.1561e-22  -1.1561e-22  -1.1561e-22   1.1561e-22   1.1561e-22   1.1561e-22
1265  11.635542   2.0917e-05   2.0917e-05   2.0917e-05   2.0917e-05   2.5716e-22   2.5716e-22   2.5716e-22  -2.5716e-22  -2.5716e-22  -2.5716e-22
1270  11.639197   2.0965e-05   2.0965e-05   2.0965e-05   2.0965e-05  -5.1782e-22  -5.1782e-22  -5.1782e-22   5.1782e-22   5.1782e-22   5.1782e-22
1275  11.642862   2.1013e-05   2.1013e-05   2.1013e-05   2.1013e-05   3.4492e-22   3.4492e-22   3.4492e-22  -3.4492e-22  -3.4492e-22  -3.4492e-22
1280  11.646537   2.1061e-05   2.1061e-05   2.1061e-05   2.1061e-05   5.8033e-22   5.8033e-22   5.8033e-22  -5.8033e-22  -5.8033e-22  -5.8033e-22
1285  11.650221   2.1110e-05   2.1110e-05   2.1110e-05   2.1110e-05   7.7017e-22   7.7017e-22   7.7017e-22  -7.7017e-22  -7.7017e-22  -7.7017e-22
1290  11.653915   2.1159e-05   2.1159e-05   2.1159e-05   2.1159e-05  -2.4090e-21   1.8182e-21  -2.4090e-21   1.9894e-21   1.9894e-21   1.9894e-21
1295  11.657618   2.1208e-05   2.1208e-05   2.1208e-05   2.1208e-05   1.3325e-22   1.3325e-22   1.3325e-22  -1.3325e-22  -1.3325e-22  -1.3325e-22
1300  11.661332   2.1258e-05   2.1258e-05   2.1258e-05   2.1258e-05   4.9806e-22   4.9806e-22   4.9806e-22  -4.9806e-22  -4.9806e-22  -4.9806e-22
1305  11.665055   2.1308e-05   2.1308e-05   2.1308e-05   2.1308e-05   1.3022e-22   1.3022e-22   1.3022e-22  -1.3022e-22  -1.3022e-22  -1.3022e-22
1310  11.668789   2.1357e-05   2.1357e-05   2.1357e-05   2.1357e-05  -3.8153e-22  -3.8153e-22  -3.8153e-22   3.8153e-22   3.8153e-22   3.8153e-22
1315  11.672531   2.1404e-05   2.1404e-05   2.1404e-05   2.1404e-05  -3.0418e-22  -3.0418e-22  -3.0418e-22   3.0418e-22   3.0418e-22   3.0418e-22
1320  11.676283   2.1446e-05   2.1446e-05   2.1446e-05   2.1446e-05  -7.9591e-22  -7.9591e-22  -7.9591e-22   7.9591e-22   7.9591e-22   7.9591e-22
1325  11.680043   2.1483e-05   2.1483e-05   2.1483e-05   2.1483e-05   1.8374e-22   1.8374e-22   1.8374e-22  -1.8374e-22  -1.8374e-22  -1.8374e-22
1330  11.683811   2.1518e-05   2.1518e-05   2.1518e-05   2.1518e-05  -1.4632e-22  -1.4632e-22  -1.4632e-22   1.4632e-22   1.4632e-22   1.4632e-22
1335  11.687586   2.1552e-05   2.1552e-05   2.1552e-05   2.1552e-05  -1.6674e-22  -1.6674e-22  -1.6674e-22   1.6674e-22   1.6674e-22   1.6674e-22
1340  11.691368   2.1586e-05   2.1586e-05   2.1586e-05   2.1586e-05   8.3517e-22   8.3517e-22   8.3517e-22  -8.3517e-22  -8.3517e-22  -8.3517e-22
1345  11.695157   2.1620e-05   2.1621e-05   2.1621e-05   2.1621e-05  -7.5670e-23   2.5548e-21  -7.5670e-23   2.9956e-21   2.9956e-21   2.9956e-21
1350  11.698953   2.1655e-05   2.1655e-05   2.1655e-05   2.1655e-05  -5.1628e-22  -5.1628e-22  -5.1628e-22   5.1628e-22   5.1628e-22   5.1628e-22
1355  11.702757   2.1689e-05   2.1689e-05   2.1689e-05   2.1689e-05  -1.9953e-22  -1.9953e-22  -1.9953e-22   1.9953e-22   1.9953e-22   1.9953e-22
1360  11.706568   2.1724e-05   2.1724e-05   2.1724e-05   2.1724e-05   1.2698e-22   1.2698e-22   1.2698e-22  -1.2698e-22  -1.2698e-22  -1.2698e-22
1365  11.710387   2.1759e-05   2.1759e-05   2.1759e-05   2.1759e-05   7.7312e-22   1.7391e-21   7.7312e-22   2.1320e-21   2.1320e-21   2.1320e-21
1370  11.714212   2.1794e-05   2.1794e-05   2.1794e-05   2.1794e-05   8.0964e-22   8.0964e-22   8.0964e-22  -8.0964e-22  -8.0964e-22  -8.0964e-22
1375  11.718046   2.1829e-05   2.1829e-05   2.1829e-05   2.1829e-05  -1.4916e-22  -1.4916e-22  -1.4916e-22   1.4916e-22   1.4916e-22   1.4916e-22
1380  11.721886   2.1865e-05   2.1865e-05   2.1865e-05   2.1865e-05  -3.9731e-22  -3.9731e-22  -3.9731e-22   3.9731e-22   3.9731e-22   3.9731e-22
1385  11.725735   2.1900e-05   2.1901e-05   2.1901e-05   2.1901e-05   1.9166e-23   2.7094e-21   1.9166e-23   2.8709e-21   2.8709e-21   2.8709e-21
1390  11.729590   2.1936e-05   2.1936e-05   2.1936e-05   2.1936e-05   6.9575e-22   6.9575e-22   6.9575e-22  -6.9575e-22  -6.9575e-22  -6.9575e-22
1395  11.733454   2.1972e-05   2.1972e-05   2.1972e-05   2.1972e-05   2.4268e-22   2.4268e-22   2.4268e-22  -2.4268e-22  -2.4268e-22  -2.4268e-22
1400  11.737325   2.2008e-05   2.2009e-05   2.2009e-05   2.2009e-05  -4.7818e-22  -4.7818e-22  -4.7818e-22   4.7818e-22   4.7818e-22   4.7818e-22
1405  11.741203   2.2045e-05   2.2045e-05   2.2045e-05   2.2045e-05   5.7331e-22   5.7331e-22   5.7331e-22  -5.7331e-22  -5.7331e-22  -5.7331e-22
1410  11.745090   2.2081e-05   2.2082e-05   2.2082e-05   2.2082e-05   5.5299e-22   5.5299e-22   5.5299e-22  -5.5299e-22  -5.5299e-22  -5.5299e-22
1415  11.748984   2.2118e-05   2.2118e-05   2.2118e-05   2.2118e-05  -7.3368e-23   2.6634e-21  -7.3368e-23   2.9402e-21   2.9402e-21   2.9402e-21
1420  11.752885   2.2155e-05   2.2155e-05   2.2155e-05   2.2155e-05   2.0499e-22   2.0499e-22   2.0499e-22  -2.0499e-22  -2.0499e-22  -2.0499e-22
1425  11.756795   2.2192e-05   2.2192e-05   2.2192e-05   2.2192e-05  -1.7125e-23  -1.7125e-23  -1.7125e-23   1.7125e-23   1.7125e-23   1.7125e-23
1430  11.760713   2.2230e-05   2.2230e-05   2.2230e-05   2.2230e-05  -2.7900e-22  -2.7900e-22  -2.7900e-22   2.7900e-22   2.7900e-22   2.7900e-22
1435  11.764638   2.2267e-05   2.2267e-05   2.2267e-05   2.2267e-05  -3.6931e-22  -3.6931e-22  -3.6931e-22   3.6931e-22   3.6931e-22   3.6931e-22
1440  11.768572   2.2305e-05   2.2305e-05   2.2305e-05   2.2305e-05  -3.4847e-22  -3.4847e-22  -3.4847e-22   3.4847e-22   3.4847e-22   3.4847e-22
1445  11.772513   2.2343e-05   2.2343e-05   2.2343e-05   2.2343e-05  -2.5862e-22   2.5262e-21  -2.5862e-22   1.4073e-21   1.4073e-21   1.4073e-21
1450  11.776463   2.2381e-05   2.2381e-05   2.2381e-05   2.2381e-05   3.2922e-22   3.2922e-22   3.2922e-22  -3.2922e-22  -3.2922e-22  -3.2922e-22
1455  11.780420   2.2420e-05   2.2420e-05   2.2420e-05   2.2420e-05   5.7558e-22   5.7558e-22   5.7558e-22  -5.7558e-22  -5.7558e-22  -5.7558e-22
1460  11.784386   2.2458e-05   2.2459e-05   2.2459e-05   2.2459e-05  -7.7681e-22  -7.7681e-22  -7.7681e-22   7.7681e-22   7.7681e-22   7.7681e-22
1465  11.788360   2.2497e-05   2.2497e-05   2.2497e-05   2.2497e-05  -5.7922e-22  -5.7922e-22  -5.7922e-22   5.7922e-22   5.7922e-22   5.7922e-22
1470  11.792342   2.2536e-05   2.2537e-05   2.2537e-05   2.2537e-05   1.9897e-22   3.0251e-21   1.9897e-22   2.6231e-21   2.6231e-21   2.6231e-21
1475  11.796333   2.2576e-05   2.2576e-05   2.2576e-05   2.2576e-05  -7.6934e-22   2.0652e-21  -7.6934e-22   1.8932e-21   1.8932e-21   1.8932e-21
1480  11.800332   2.2615e-05   2.2615e-05   2.2615e-05   2.2615e-05  -4.8911e-22  -4.8911e-22  -4.8911e-22   4.8911e-22   4.8911e-22   4.8911e-22
1485  11.804339   2.2655e-05   2.2655e-05   2.2655e-05   2.2655e-05   6.3937e-22   6.3937e-22   6.3937e-22  -6.3937e-22  -6.3937e-22  -6.3937e-22
1490  11.808355   2.2695e-05   2.2695e-05   2.2695e-05   2.2695e-05  -3.1865e-22  -3.1865e-22  -3.1865e-22   3.1865e-22   3.1865e-22   3.1865e-22
1495  11.812379   2.2735e-05   2.2735e-05   2.2735e-05   2.2735e-05  -9.6925e-23  -9.6925e-23  -9.6925e-23   9.6925e-23   9.6925e-23   9.6925e-23
1500  11.816411   2.2776e-05   2.2776e-05   2.2776e-05   2.2776e-05   3.3439e-22   3.3439e-22   3.3439e-22  -3.3439e-22  -3.3439e-22  -3.3439e-22
1505  11.820453   2.2817e-05   2.2817e-05   2.2817e-05   2.2817e-05   5.2284e-22   5.2284e-22   5.2284e-22  -5.2284e-22  -5.2284e-22  -5.2284e-22
1510  11.824502   2.2857e-05   2.2858e-05   2.2858e-05   2.2858e-05  -6.1685e-22  -6.1685e-22  -6.1685e-22   6.1685e-22   6.1685e-22   6.1685e-22
1515  11.828561   2.2899e-05   2.2899e-05   2.2899e-05   2.2899e-05  -5.9309e-23  -5.9309e-23  -5.9309e-23   5.9309e-23   5.9309e-23   5.9309e-23
1520  11.832628   2.2940e-05   2.2940e-05   2.2940e-05   2.2940e-05   1.1494e-22   1.1494e-22   1.1494e-22  -1.1494e-22  -1.1494e-22  -1.1494e-22
1525  11.836704   2.2982e-05   2.2982e-05   2.2982e-05   2.2982e-05   5.6260e-22   1.7898e-21   5.6260e-22   2.2119e-21   2.2119e-21   2.2119e-21
1530  11.840789   2.3024e-05   2.3024e-05   2.3024e-05   2.3024e-05   6.6054e-22   6.6054e-22   6.6054e-22  -6.6054e-22  -6.6054e-22  -6.6054e-22
1535  11.844883   2.3066e-05   2.3066e-05   2.3066e-05   2.3066e-05   1.0663e-22   1.0663e-22   1.0663e-22  -1.0663e-22  -1.0663e-22  -1.0663e-22
1540  11.848986   2.3109e-05   2.3109e-05   2.3109e-05   2.3109e-05  -6.4177e-22  -6.4177e-22  -6.4177e-22   6.4177e-22   6.4177e-22   6.4177e-22
1545  11.853097   2.3151e-05   2.3152e-05   2.3152e-05   2.3152e-05  -4.7364e-22   2.4838e-21  -4.7364e-22   1.5360e-21   1.5360e-21   1.5360e-21
1550  11.857218   2.3194e-05   2.3195e-05   2.3195e-05   2.3195e-05   7.5858e-22   7.5858e-22   7.5858e-22  -7.5858e-22  -7.5858e-22  -7.5858e-22
1555  11.861348   2.3238e-05   2.3238e-05   2.3238e-05   2.3238e-05   4.5160e-22   1.7334e-21   4.5160e-22   2.2956e-21   2.2956e-21   2.2956e-21
1560  11.865487   2.3281e-05   2.3281e-05   2.3281e-05   2.3281e-05  -7.5307e-22  -7.5307e-22  -7.5307e-22   7.5307e-22   7.5307e-22   7.5307e-22
1565  11.869635   2.3325e-05   2.3325e-05   2.3325e-05   2.3325e-05   1.4011e-22   3.1346e-21   1.4011e-22   2.5978e-21   2.5978e-21   2.5978e-21
1570  11.873793   2.3369e-05   2.3369e-05   2.3369e-05   2.3369e-05   8.0704e-22   8.0704e-22   8.0704e-22  -8.0704e-22  -8.0704e-22  -8.0704e-22
1575  11.877960   2.3414e-05   2.3414e-05   2.3414e-05   2.3414e-05  -7.7465e-23  -7.7465e-23  -7.7465e-23   7.7465e-23   7.7465e-23   7.7465e-23
1580  11.882136   2.3458e-05   2.3459e-05   2.3459e-05   2.3459e-05  -1.6982e-22   2.8531e-21  -1.6982e-22   2.8935e-21   2.8935e-21   2.8935e-21
1585  11.886322   2.3503e-05   2.3504e-05   2.3504e-05   2.3504e-05  -2.3653e-21   2.3613e-21  -2.3653e-21   1.6961e-21   1.6961e-21   1.6961e-21
1590  11.890517   2.3549e-05   2.3549e-05   2.3549e-05   2.3549e-05   5.3078e-22   5.3078e-22   5.3078e-22  -5.3078e-22  -5.3078e-22  -5.3078e-22
1595  11.894722   2.3594e-05   2.3594e-05   2.3594e-05   2.3594e-05   6.8657e-22   6.8657e-22   6.8657e-22  -6.8657e-22  -6.8657e-22  -6.8657e-22
1600  11.898936   2.3640e-05   2.3640e-05   2.3640e-05   2.3640e-05   3.5371e-22   3.5371e-22   3.5371e-22  -3.5371e-22  -3.5371e-22  -3.5371e-22
1605  11.903161   2.3686e-05   2.3686e-05   2.3686e-05   2.3686e-05  -1.3576e-22   2.9358e-21  -1.3576e-22   2.8351e-21   2.8351e-21   2.8351e-21
1610  11.907395   2.3733e-05   2.3733e-05   2.3733e-05   2.3733e-05  -5.2547e-22  -5.2547e-22  -5.2547e-22   5.2547e-22   5.2547e-22   5.2547e-22
1615  11.911639   2.3779e-05   2.3780e-05   2.3780e-05   2.3780e-05  -5.6759e-22   2.5239e-21  -5.6759e-22   1.5630e-21   1.5630e-21   1.5630e-21
1620  11.915892   2.3827e-05   2.3827e-05   2.3827e-05   2.3827e-05   7.1229e-22   7.1229e-22   7.1229e-22  -7.1229e-22  -7.1229e-22  -7.1229e-22
1625  11.920156   2.3874e-05   2.3874e-05   2.3874e-05   2.3874e-05  -7.4072e-22  -7.4072e-22  -7.4072e-22   7.4072e-22   7.4072e-22   7.4072e-22
1630  11.924430   2.3922e-05   2.3922e-05   2.3922e-05   2.3922e-05   2.5083e-22   2.5083e-22   2.5083e-22  -2.5083e-22  -2.5083e-22  -2.5083e-22
1635  11.928714   2.3970e-05   2.3970e-05   2.3970e-05   2.3970e-05   7.5577e-22   2.1938e-21   7.5577e-22   1.9134e-21   1.9134e-21   1.9134e-21
1640  11.933008   2.4018e-05   2.4018e-05   2.4018e-05   2.4018e-05  -6.7384e-22  -6.7384e-22  -6.7384e-22   6.7384e-22   6.7384e-22   6.7384e-22
1645  11.937312   2.4067e-05   2.4067e-05   2.4067e-05   2.4067e-05  -2.3946e-23  -2.3946e-23  -2.3946e-23   2.3946e-23   2.3946e-23   2.3946e-23
1650  11.941626   2.4116e-05   2.4116e-05   2.4116e-05   2.4116e-05   7.5964e-22   7.5964e-22   7.5964e-22  -7.5964e-22  -7.5964e-22  -7.5964e-22
1655  11.945951   2.4165e-05   2.4165e-05   2.4165e-05   2.4165e-05  -8.3645e-22  -8.3645e-22  -8.3645e-22   8.3645e-22   8.3645e-22   8.3645e-22
1660  11.950287   2.4215e-05   2.4215e-05   2.4215e-05   2.4215e-05   1.8533e-23   1.8533e-23   1.8533e-23  -1.8533e-23  -1.8533e-23  -1.8533e-23
1665  11.954633   2.4265e-05   2.4265e-05   2.4265e-05   2.4265e-05  -5.2916e-22  -5.2916e-22  -5.2916e-22   5.2916e-22   5.2916e-22   5.2916e-22
1670  11.958989   2.4315e-05   2.4316e-05   2.4316e-05   2.4316e-05   8.4343e-22   8.4343e-22   8.4343e-22  -8.4343e-22  -8.4343e-22  -8.4343e-22
1675  11.963356   2.4366e-05   2.4366e-05   2.4366e-05   2.4366e-05  -8.5393e-24  -8.5393e-24  -8.5393e-24   8.5393e-24   8.5393e-24   8.5393e-24
1680  11.967734   2.4417e-05   2.4417e-05   2.4417e-05   2.4417e-05  -6.7757e-22  -6.7757e-22  -6.7757e-22   6.7757e-22   6.7757e-22   6.7757e-22
1685  11.972123   2.4469e-05   2.4469e-05   2.4469e-05   2.4469e-05   4.5020e-22   4.5020e-22   4.5020e-22  -4.5020e-22  -4.5020e-22  -4.5020e-22
1690  11.976523   2.4521e-05   2.4521e-05   2.4521e-05   2.4521e-05  -1.5737e-22  -1.5737e-22  -1.5737e-22   1.5737e-22   1.5737e-22   1.5737e-22
1695  11.980933   2.4573e-05   2.4573e-05   2.4573e-05   2.4573e-05   1.3154e-22   1.3154e-22   1.3154e-22  -1.3154e-22  -1.3154e-22  -1.3154e-22
1700  11.985355   2.4626e-05   2.4626e-05   2.4626e-05   2.4626e-05  -5.9732e-22  -5.9732e-22  -5.9732e-22   5.9732e-22   5.9732e-22   5.9732e-22
1705  11.989788   2.4679e-05   2.4679e-05   2.4679e-05   2.4679e-05   5.9707e-22   2.1862e-21   5.9707e-22   1.9965e-21   1.9965e-21   1.9965e-21
1710  11.994232   2.4732e-05   2.4732e-05   2.4732e-05   2.4732e-05  -7.9171e-22  -7.9171e-22  -7.9171e-22   7.9171e-22   7.9171e-22   7.9171e-22
1715  11.998687   2.4786e-05   2.4786e-05   2.4786e-05   2.4786e-05   6.4920e-22   6.4920e-22   6.4920e-22  -6.4920e-22  -6.4920e-22  -6.4920e-22
1720  12.003154   2.4840e-05   2.4840e-05   2.4840e-05   2.4840e-05   2.9718e-22   2.9718e-22   2.9718e-22  -2.9718e-22  -2.9718e-22  -2.9718e-22
1725  12.007632   2.4895e-05   2.4895e-05   2.4895e-05   2.4895e-05   7.4817e-22   7.4817e-22   7.4817e-22  -7.4817e-22  -7.4817e-22  -7.4817e-22
